# Time-averaged data for fix msd_avg_all
# TimeStep c_msd_all[4]
0 2.08456e-28
100 0.195819
200 0.394547
300 0.573198
400 0.739008
500 0.88748
600 1.02467
700 1.14354
800 1.25587
900 1.36994
1000 1.46849
1100 1.56053
1200 1.65724
1300 1.74329
1400 1.84346
1500 1.93615
1600 2.02417
1700 2.09322
1800 2.1605
1900 2.25837
2000 2.33883
2100 2.40451
2200 2.47968
2300 2.54601
2400 2.61638
2500 2.68085
2600 2.74854
2700 2.83351
2800 2.91743
2900 2.97926
3000 3.03209
3100 3.08002
3200 3.14467
3300 3.21683
3400 3.29942
3500 3.37567
3600 3.43724
3700 3.52957
3800 3.60994
3900 3.69429
4000 3.76964
4100 3.83765
4200 3.91889
4300 4.00244
4400 4.10006
4500 4.16178
4600 4.19745
4700 4.25673
4800 4.31855
4900 4.39076
5000 4.4395
5100 4.47618
5200 4.54956
5300 4.63142
5400 4.69685
5500 4.74122
5600 4.7839
5700 4.84146
5800 4.88048
5900 4.93419
6000 4.94286
6100 4.94532
6200 4.98129
6300 5.04926
6400 5.11409
6500 5.19664
6600 5.26678
6700 5.34141
6800 5.40903
6900 5.47727
7000 5.54215
7100 5.63509
7200 5.70242
7300 5.75827
7400 5.77477
7500 5.86446
7600 5.94549
7700 6.01871
7800 6.08442
7900 6.12186
8000 6.18839
8100 6.24525
8200 6.32772
8300 6.37769
8400 6.39722
8500 6.41752
8600 6.44651
8700 6.50849
8800 6.5469
8900 6.59874
9000 6.61789
9100 6.67795
9200 6.73845
9300 6.77109
9400 6.78872
9500 6.85858
9600 6.9302
9700 6.99797
9800 7.07119
9900 7.11041
10000 7.16265
10100 7.16617
10200 7.20412
10300 7.25461
10400 7.2942
10500 7.3435
10600 7.37617
10700 7.45774
10800 7.53843
10900 7.61373
11000 7.64788
11100 7.74492
11200 7.85496
11300 7.92715
11400 7.99997
11500 8.05199
11600 8.07721
11700 8.13406
11800 8.19498
11900 8.23855
12000 8.30353
12100 8.36411
12200 8.41557
12300 8.49184
12400 8.54828
12500 8.61924
12600 8.68761
12700 8.71952
12800 8.75607
12900 8.78563
13000 8.78949
13100 8.81153
13200 8.84545
13300 8.90302
13400 8.91258
13500 8.91909
13600 8.9566
13700 8.99661
13800 9.0549
13900 9.09885
14000 9.11167
14100 9.13653
14200 9.1298
14300 9.14812
14400 9.15076
14500 9.15822
14600 9.17389
14700 9.15661
14800 9.1956
14900 9.25597
15000 9.28704
15100 9.26769
15200 9.26476
15300 9.27712
15400 9.34844
15500 9.36397
15600 9.34062
15700 9.36495
15800 9.36937
15900 9.33703
16000 9.31805
16100 9.34013
16200 9.33625
16300 9.25161
16400 9.26534
16500 9.23334
16600 9.23218
16700 9.24788
16800 9.26249
16900 9.28571
17000 9.25473
17100 9.22852
17200 9.2374
17300 9.20281
17400 9.19057
17500 9.20074
17600 9.22112
17700 9.27269
17800 9.32392
17900 9.36013
18000 9.40776
18100 9.43911
18200 9.48547
18300 9.53078
18400 9.61678
18500 9.69486
18600 9.78424
18700 9.86847
18800 9.94811
18900 9.98567
19000 10.0367
19100 10.0946
19200 10.1371
19300 10.1934
19400 10.2458
19500 10.2814
19600 10.3472
19700 10.3986
19800 10.4402
19900 10.4114
20000 10.4199
20100 10.4372
20200 10.4766
20300 10.4406
20400 10.4248
20500 10.3633
20600 10.3517
20700 10.3429
20800 10.3371
20900 10.3474
21000 10.3458
21100 10.3758
21200 10.4156
21300 10.4442
21400 10.4576
21500 10.5077
21600 10.5393
21700 10.5521
21800 10.5683
21900 10.5898
22000 10.5976
22100 10.6391
22200 10.6648
22300 10.6774
22400 10.6986
22500 10.7539
22600 10.7856
22700 10.8136
22800 10.8392
22900 10.81
23000 10.7764
23100 10.7482
23200 10.702
23300 10.7047
23400 10.7286
23500 10.7288
23600 10.7721
23700 10.7642
23800 10.7815
23900 10.8237
24000 10.8455
24100 10.8701
24200 10.881
24300 10.9087
24400 10.9438
24500 10.9692
24600 11.02
24700 11.0728
24800 11.0357
24900 11.0186
25000 11.0232
25100 11.0727
25200 11.0871
25300 11.1211
25400 11.1619
25500 11.1735
25600 11.1618
25700 11.1694
25800 11.2347
25900 11.2876
26000 11.3177
26100 11.3714
26200 11.3938
26300 11.3825
26400 11.4093
26500 11.4305
26600 11.4596
26700 11.4964
26800 11.5143
26900 11.5709
27000 11.6109
27100 11.6258
27200 11.6352
27300 11.6604
27400 11.6925
27500 11.7083
27600 11.7524
27700 11.7517
27800 11.7661
27900 11.7693
28000 11.8212
28100 11.8904
28200 11.9272
28300 11.9476
28400 12.0201
28500 12.1163
28600 12.1142
28700 12.1154
28800 12.1264
28900 12.1249
29000 12.1082
29100 12.1373
29200 12.166
29300 12.1706
29400 12.1642
29500 12.1952
29600 12.2349
29700 12.2779
29800 12.3056
29900 12.36
30000 12.3688
30100 12.3611
30200 12.3864
30300 12.4122
30400 12.435
30500 12.4444
30600 12.4726
30700 12.4403
30800 12.4789
30900 12.474
31000 12.4726
31100 12.5221
31200 12.5345
31300 12.5532
31400 12.6296
31500 12.6519
31600 12.6732
31700 12.6554
31800 12.7051
31900 12.7645
32000 12.8242
32100 12.8458
32200 12.9337
32300 12.9995
32400 13.0805
32500 13.1728
32600 13.3049
32700 13.4379
32800 13.4982
32900 13.5545
33000 13.6153
33100 13.6073
33200 13.5843
33300 13.5876
33400 13.6766
33500 13.7502
33600 13.8457
33700 13.9336
33800 13.9933
33900 14.0161
34000 14.0672
34100 14.0958
34200 14.1432
34300 14.2216
34400 14.3062
34500 14.3629
34600 14.4065
34700 14.4433
34800 14.491
34900 14.4806
35000 14.4682
35100 14.4961
35200 14.5159
35300 14.5105
35400 14.6083
35500 14.6747
35600 14.7303
35700 14.816
35800 14.8757
35900 14.9474
36000 14.9792
36100 15.0682
36200 15.1472
36300 15.1657
36400 15.2335
36500 15.2669
36600 15.2394
36700 15.2571
36800 15.2946
36900 15.2883
37000 15.285
37100 15.3734
37200 15.4206
37300 15.452
37400 15.5563
37500 15.605
37600 15.6314
37700 15.6498
37800 15.7142
37900 15.8009
38000 15.8848
38100 15.9603
38200 16.0381
38300 16.0766
38400 16.0925
38500 16.1227
38600 16.1769
38700 16.2615
38800 16.3475
38900 16.4589
39000 16.5377
39100 16.6358
39200 16.7267
39300 16.7914
39400 16.8617
39500 16.9536
39600 17.0245
39700 17.1209
39800 17.1891
39900 17.2814
40000 17.3855
40100 17.4712
40200 17.5108
40300 17.5987
40400 17.6902
40500 17.8018
40600 17.8463
40700 17.8803
40800 17.9565
40900 17.9683
41000 17.9798
41100 18.0452
41200 18.0893
41300 18.1595
41400 18.2024
41500 18.2783
41600 18.3147
41700 18.3424
41800 18.4309
41900 18.441
42000 18.4727
42100 18.4671
42200 18.5125
42300 18.5598
42400 18.571
42500 18.6335
42600 18.6692
42700 18.7224
42800 18.7055
42900 18.7306
43000 18.7646
43100 18.8187
43200 18.8498
43300 18.9103
43400 18.9749
43500 19.0485
43600 19.074
43700 19.0876
43800 19.1505
43900 19.1855
44000 19.2288
44100 19.2554
44200 19.3617
44300 19.3923
44400 19.4188
44500 19.4253
44600 19.4243
44700 19.4979
44800 19.5169
44900 19.5287
45000 19.6007
45100 19.6479
45200 19.7159
45300 19.776
45400 19.8502
45500 19.876
45600 19.9823
45700 20.0775
45800 20.1646
45900 20.2572
46000 20.3349
46100 20.4422
46200 20.5298
46300 20.5935
46400 20.6808
46500 20.8099
46600 20.9334
46700 21.0632
46800 21.1411
46900 21.2468
47000 21.3493
47100 21.4335
47200 21.5097
47300 21.5419
47400 21.6495
47500 21.7899
47600 21.8692
47700 21.9364
47800 21.9724
47900 22.031
48000 22.0627
48100 22.0752
48200 22.1205
48300 22.151
48400 22.1719
48500 22.1686
48600 22.2328
48700 22.2915
48800 22.3751
48900 22.4812
49000 22.5337
49100 22.638
49200 22.6907
49300 22.7063
49400 22.7055
49500 22.7548
49600 22.8162
49700 22.7969
49800 22.8215
49900 22.8466
50000 22.9277
50100 22.9584
50200 23.0368
50300 23.0572
50400 23.1161
50500 23.0865
50600 23.1237
50700 23.1409
50800 23.2036
50900 23.3041
51000 23.3432
51100 23.3858
51200 23.4478
51300 23.5058
51400 23.5417
51500 23.4956
51600 23.5426
51700 23.6253
51800 23.7358
51900 23.7983
52000 23.8585
52100 23.9952
52200 24.0849
52300 24.1598
52400 24.1999
52500 24.2545
52600 24.2424
52700 24.2307
52800 24.2873
52900 24.36
53000 24.53
53100 24.6559
53200 24.7532
53300 24.8323
53400 24.908
53500 24.9622
53600 24.9617
53700 25.0045
53800 25.1624
53900 25.2603
54000 25.3465
54100 25.4334
54200 25.4601
54300 25.5162
54400 25.5549
54500 25.5832
54600 25.6209
54700 25.6885
54800 25.7538
54900 25.795
55000 25.8359
55100 25.9279
55200 25.9793
55300 25.9734
55400 25.9729
55500 25.9403
55600 25.9703
55700 26.0363
55800 26.1384
55900 26.1998
56000 26.2685
56100 26.3381
56200 26.4419
56300 26.5241
56400 26.6273
56500 26.7152
56600 26.8427
56700 26.9181
56800 27.0112
56900 27.0658
57000 27.1517
57100 27.2965
57200 27.3881
57300 27.4355
57400 27.4747
57500 27.5149
57600 27.5387
57700 27.5796
57800 27.7024
57900 27.7544
58000 27.7904
58100 27.9045
58200 27.9869
58300 28.0106
58400 28.1089
58500 28.134
58600 28.154
58700 28.1409
58800 28.1303
58900 28.1478
59000 28.0905
59100 28.1067
59200 28.1374
59300 28.1628
59400 28.2347
59500 28.2705
59600 28.2864
59700 28.2366
59800 28.2325
59900 28.2223
60000 28.1773
60100 28.2484
60200 28.3444
60300 28.3494
60400 28.2897
60500 28.2807
60600 28.2839
60700 28.2533
60800 28.2919
60900 28.3541
61000 28.3898
61100 28.411
61200 28.3994
61300 28.3838
61400 28.3931
61500 28.3726
61600 28.378
61700 28.3394
61800 28.3693
61900 28.4069
62000 28.4829
62100 28.5242
62200 28.5154
62300 28.4692
62400 28.3719
62500 28.3704
62600 28.379
62700 28.3705
62800 28.4183
62900 28.4992
63000 28.5398
63100 28.5379
63200 28.565
63300 28.5621
63400 28.4918
63500 28.4719
63600 28.5372
63700 28.6637
63800 28.7033
63900 28.6906
64000 28.6391
64100 28.5469
64200 28.5049
64300 28.4802
64400 28.5024
64500 28.5003
64600 28.5262
64700 28.4595
64800 28.4453
64900 28.4491
65000 28.4903
65100 28.5604
65200 28.5701
65300 28.6195
65400 28.6258
65500 28.5956
65600 28.5926
65700 28.6267
65800 28.7284
65900 28.7733
66000 28.7471
66100 28.7913
66200 28.8196
66300 28.8743
66400 28.9237
66500 28.955
66600 28.9086
66700 28.9216
66800 28.9561
66900 28.9582
67000 28.987
67100 29.0039
67200 29.0256
67300 29.0651
67400 29.1726
67500 29.242
67600 29.3044
67700 29.3986
67800 29.4143
67900 29.4915
68000 29.5571
68100 29.647
68200 29.6717
68300 29.7009
68400 29.7691
68500 29.7957
68600 29.9168
68700 30.0558
68800 30.2373
68900 30.4584
69000 30.6387
69100 30.8587
69200 31.0126
69300 31.1229
69400 31.1758
69500 31.2447
69600 31.2986
69700 31.3252
69800 31.3821
69900 31.4152
70000 31.4741
70100 31.4991
70200 31.5144
70300 31.5034
70400 31.5672
70500 31.5851
70600 31.6057
70700 31.6107
70800 31.5735
70900 31.5925
71000 31.6623
71100 31.7451
71200 31.7516
71300 31.769
71400 31.7935
71500 31.8073
71600 31.7668
71700 31.7558
71800 31.7698
71900 31.7978
72000 31.7315
72100 31.7453
72200 31.7771
72300 31.8368
72400 31.8909
72500 31.921
72600 31.9413
72700 32.0045
72800 32.0886
72900 32.1125
73000 32.1512
73100 32.2353
73200 32.2943
73300 32.3731
73400 32.4231
73500 32.4536
73600 32.4713
73700 32.5318
73800 32.5366
73900 32.652
74000 32.7146
74100 32.8083
74200 32.9033
74300 32.951
74400 32.9601
74500 33.0049
74600 32.9653
74700 32.9661
74800 32.9472
74900 32.9226
75000 32.8998
75100 32.8956
75200 32.8707
75300 32.867
75400 32.9836
75500 33.0734
75600 33.1427
75700 33.1502
75800 33.1613
75900 33.2115
76000 33.2362
76100 33.269
76200 33.2158
76300 33.2686
76400 33.3204
76500 33.3241
76600 33.4191
76700 33.5415
76800 33.6117
76900 33.6814
77000 33.704
77100 33.7901
77200 33.8116
77300 33.8114
77400 33.8388
77500 33.8548
77600 33.8675
77700 33.8548
77800 33.7861
77900 33.7639
78000 33.6948
78100 33.6803
78200 33.7209
78300 33.7009
78400 33.7226
78500 33.7128
78600 33.7916
78700 33.8075
78800 33.7378
78900 33.6789
79000 33.7309
79100 33.8111
79200 33.8894
79300 33.9245
79400 33.968
79500 33.9862
79600 33.9821
79700 33.9801
79800 34.0357
79900 34.1323
80000 34.2148
80100 34.2397
80200 34.2316
80300 34.2335
80400 34.2254
80500 34.1837
80600 34.1522
80700 34.1324
80800 34.065
80900 34.0585
81000 34.1055
81100 34.1701
81200 34.245
81300 34.3274
81400 34.4101
81500 34.4447
81600 34.47
81700 34.4697
81800 34.4236
81900 34.385
82000 34.3659
82100 34.3177
82200 34.342
82300 34.4427
82400 34.5074
82500 34.5514
82600 34.6104
82700 34.6348
82800 34.6259
82900 34.6292
83000 34.6577
83100 34.675
83200 34.7574
83300 34.7658
83400 34.8263
83500 34.9141
83600 35.0017
83700 35.0973
83800 35.153
83900 35.2458
84000 35.299
84100 35.3863
84200 35.5009
84300 35.5832
84400 35.6372
84500 35.7348
84600 35.8326
84700 35.8857
84800 35.9291
84900 36.0423
85000 36.1457
85100 36.2014
85200 36.2969
85300 36.433
85400 36.5208
85500 36.5626
85600 36.6911
85700 36.7606
85800 36.8418
85900 36.8416
86000 36.7808
86100 36.7952
86200 36.814
86300 36.8571
86400 36.9073
86500 37.0453
86600 37.1092
86700 37.1485
86800 37.2114
86900 37.2995
87000 37.4327
87100 37.4687
87200 37.4895
87300 37.5046
87400 37.5295
87500 37.5798
87600 37.6497
87700 37.7863
87800 37.9887
87900 38.0864
88000 38.1887
88100 38.2525
88200 38.3684
88300 38.4747
88400 38.584
88500 38.562
88600 38.6304
88700 38.6867
88800 38.72
88900 38.7491
89000 38.8066
89100 38.8214
89200 38.9539
89300 38.9888
89400 39.0796
89500 39.2019
89600 39.3235
89700 39.4322
89800 39.4508
89900 39.4682
90000 39.5742
90100 39.6703
90200 39.7818
90300 39.8985
90400 39.956
90500 39.9696
90600 39.9925
90700 40.0248
90800 40.1129
90900 40.2234
91000 40.2435
91100 40.2202
91200 40.2793
91300 40.3324
91400 40.3703
91500 40.4392
91600 40.6431
91700 40.8249
91800 40.9591
91900 41.0161
92000 41.0994
92100 41.1879
92200 41.2473
92300 41.2691
92400 41.3057
92500 41.3645
92600 41.393
92700 41.4615
92800 41.5293
92900 41.6303
93000 41.7751
93100 41.8319
93200 41.8473
93300 41.95
93400 41.962
93500 41.994
93600 42.0144
93700 42.0845
93800 42.1744
93900 42.1998
94000 42.2695
94100 42.454
94200 42.6065
94300 42.7916
94400 42.8969
94500 42.8975
94600 42.8741
94700 42.8431
94800 42.8643
94900 42.9363
95000 42.9742
95100 43.0641
95200 43.1564
95300 43.2706
95400 43.3791
95500 43.5098
95600 43.615
95700 43.7239
95800 43.863
95900 43.9488
96000 44.0605
96100 44.1838
96200 44.3422
96300 44.4069
96400 44.4582
96500 44.5559
96600 44.6116
96700 44.7515
96800 44.841
96900 44.9653
97000 45.0807
97100 45.2125
97200 45.2605
97300 45.278
97400 45.32
97500 45.4085
97600 45.405
97700 45.443
97800 45.4906
97900 45.563
98000 45.6116
98100 45.5567
98200 45.5947
98300 45.6561
98400 45.7369
98500 45.8345
98600 45.9485
98700 46.06
98800 46.1631
98900 46.202
99000 46.2708
99100 46.3433
99200 46.4589
99300 46.6396
99400 46.8599
99500 47.098
99600 47.2379
99700 47.2927
99800 47.4417
99900 47.5786
100000 47.7991
