# Time-averaged data for fix msd_avg_all
# TimeStep c_msd_all[4]
0 1.27094e-29
100 0.276808
200 0.688884
300 1.06901
400 1.42787
500 1.77542
600 2.1063
700 2.5069
800 2.89303
900 3.24444
1000 3.55012
1100 3.83135
1200 4.10936
1300 4.42997
1400 4.83021
1500 5.19187
1600 5.50328
1700 5.84372
1800 6.24423
1900 6.57336
2000 6.90883
2100 7.37622
2200 7.75155
2300 8.12764
2400 8.46816
2500 8.87188
2600 9.16138
2700 9.49003
2800 9.85259
2900 10.3587
3000 10.7182
3100 11.1549
3200 11.6272
3300 12.1444
3400 12.5865
3500 12.9995
3600 13.5718
3700 14.1332
3800 14.6099
3900 15.1818
4000 15.4213
4100 15.6522
4200 16.0436
4300 16.5575
4400 16.8953
4500 17.1335
4600 17.5467
4700 18.034
4800 18.5855
4900 19.0548
5000 19.5606
5100 19.9608
5200 20.315
5300 20.829
5400 21.262
5500 21.8928
5600 22.2674
5700 22.6177
5800 23.2292
5900 23.7443
6000 24.1479
6100 24.6691
6200 25.2026
6300 25.8091
6400 26.4085
6500 27.0717
6600 27.7951
6700 28.3953
6800 28.8059
6900 29.5544
7000 30.2725
7100 30.8356
7200 31.2951
7300 31.7559
7400 32.2112
7500 32.6162
7600 33.1902
7700 33.7904
7800 34.4158
7900 35.1139
8000 35.9399
8100 36.7444
8200 37.2677
8300 37.981
8400 38.8498
8500 39.2373
8600 39.5685
8700 39.8622
8800 40.0434
8900 40.2218
9000 40.6206
9100 40.8392
9200 41.03
9300 41.5666
9400 42.2226
9500 42.9247
9600 43.6664
9700 44.1909
9800 44.6409
9900 45.3244
10000 45.939
10100 46.4
10200 47.1561
10300 47.635
10400 48.2544
10500 48.6436
10600 49.1509
10700 49.5204
10800 50.0068
10900 50.5067
11000 50.996
11100 51.4785
11200 51.8677
11300 52.058
11400 52.4549
11500 53.0256
11600 53.554
11700 54.028
11800 54.7153
11900 55.5379
12000 56.1034
12100 56.6097
12200 57.3643
12300 58.2665
12400 58.9262
12500 59.6801
12600 60.2935
12700 61.1233
12800 61.7123
12900 62.2995
13000 62.5424
13100 62.9867
13200 63.3884
13300 63.7925
13400 64.1956
13500 64.6292
13600 64.8883
13700 64.9655
13800 65.2628
13900 65.7237
14000 66.2357
14100 66.7264
14200 67.369
14300 68.1676
14400 68.558
14500 69.2455
14600 70.0666
14700 71.2342
14800 71.8454
14900 72.0232
15000 72.4343
15100 72.8586
15200 73.1723
15300 73.3267
15400 73.866
15500 74.01
15600 74.342
15700 74.4341
15800 74.9291
15900 75.4375
16000 75.907
16100 76.4906
16200 77.0705
16300 77.6458
16400 78.0292
16500 78.2978
16600 78.7967
16700 79.0992
16800 79.6766
16900 80.2897
17000 80.6601
17100 81.0964
17200 81.4617
17300 81.6115
17400 81.8383
17500 82.2998
17600 82.7634
17700 83.4178
17800 84.1321
17900 84.7508
18000 85.3273
18100 85.8558
18200 86.4634
18300 87.1364
18400 87.722
18500 88.2591
18600 88.5976
18700 89.4515
18800 90.0553
18900 90.5303
19000 90.8026
19100 91.5813
19200 92.409
19300 92.9532
19400 93.4949
19500 94.0706
19600 94.5901
19700 95.3661
19800 95.6992
19900 96.1086
20000 96.796
20100 97.2036
20200 97.9533
20300 98.4791
20400 98.6693
20500 98.9866
20600 99.4034
20700 100.154
20800 100.922
20900 101.489
21000 101.85
21100 102.358
21200 103.21
21300 104.03
21400 104.657
21500 104.877
21600 105.211
21700 105.627
21800 106.08
21900 106.462
22000 107.152
22100 107.815
22200 108.252
22300 108.969
22400 109.797
22500 110.467
22600 111.019
22700 111.963
22800 112.886
22900 113.644
23000 114.762
23100 115.612
23200 116.073
23300 116.835
23400 117.842
23500 118.82
23600 119.207
23700 119.764
23800 120.318
23900 120.645
24000 121.011
24100 121.786
24200 122.409
24300 122.982
24400 123.497
24500 124.032
24600 124.755
24700 125.576
24800 126.27
24900 126.994
25000 127.725
25100 128.427
25200 129.387
25300 130.259
25400 130.897
25500 131.793
25600 132.547
25700 133.391
25800 134.28
25900 135.004
26000 135.889
26100 136.913
26200 137.682
26300 138.501
26400 139.195
26500 139.844
26600 140.74
26700 141.402
26800 142.351
26900 143.507
27000 144.708
27100 145.709
27200 146.579
27300 147.495
27400 148.88
27500 150.18
27600 151.113
27700 151.837
27800 152.594
27900 153.251
28000 154.085
28100 154.918
28200 155.66
28300 156.427
28400 157.576
28500 158.517
28600 159.44
28700 159.962
28800 160.753
28900 161.552
29000 162.438
29100 163.507
29200 164.368
29300 165.445
29400 166.414
29500 167.451
29600 168.294
29700 168.702
29800 168.735
29900 169.255
30000 169.833
30100 170.502
30200 171.357
30300 172.176
30400 172.818
30500 173.561
30600 174.241
30700 175.006
30800 175.625
30900 176.08
31000 176.469
31100 177.428
31200 178.596
31300 179.122
31400 179.879
31500 180.755
31600 181.408
31700 182.034
31800 182.896
31900 183.731
32000 184.381
32100 185.101
32200 185.665
32300 185.92
32400 186.024
32500 186.295
32600 186.756
32700 187.339
32800 188.029
32900 188.984
33000 189.698
33100 190.092
33200 190.42
33300 191.147
33400 191.598
33500 192.203
33600 192.42
33700 193.086
33800 193.722
33900 194.28
34000 194.915
34100 195.626
34200 196.444
34300 197.169
34400 197.632
34500 198.376
34600 198.741
34700 199.002
34800 199.388
34900 200.115
35000 200.588
35100 200.976
35200 201.422
35300 202.374
35400 203.05
35500 203.733
35600 204.708
35700 205.402
35800 206.299
35900 206.985
36000 208.092
36100 208.841
36200 209.486
36300 210.343
36400 210.981
36500 212.105
36600 213.475
36700 214.447
36800 215.122
36900 215.815
37000 216.805
37100 217.501
37200 217.733
37300 218.242
37400 219.495
37500 220.25
37600 220.738
37700 221.596
37800 222.358
37900 222.782
38000 222.96
38100 223.287
38200 224.02
38300 224.891
38400 225.751
38500 226.285
38600 226.802
38700 227.529
38800 228.551
38900 229.435
39000 229.816
39100 230.03
39200 230.387
39300 230.751
39400 231.033
39500 231.606
39600 232.193
39700 232.961
39800 233.419
39900 233.893
40000 234.897
40100 235.525
40200 236.348
40300 237.475
40400 237.979
40500 238.633
40600 239.325
40700 239.812
40800 240.442
40900 240.945
41000 241.049
41100 241.44
41200 241.795
41300 241.984
41400 242.388
41500 243.088
41600 244.176
41700 244.809
41800 245.173
41900 245.584
42000 246.305
42100 247.197
42200 247.796
42300 248.117
42400 248.691
42500 249.329
42600 249.87
42700 250.044
42800 250.295
42900 250.279
43000 250.333
43100 251.006
43200 251.469
43300 251.882
43400 252.843
43500 253.615
43600 254.041
43700 254.41
43800 254.903
43900 255.59
44000 255.821
44100 256.174
44200 256.505
44300 257.041
44400 257.503
44500 258.007
44600 258.25
44700 258.677
44800 259.594
44900 259.85
45000 260.038
45100 260.46
45200 260.981
45300 261.53
45400 261.923
45500 262.408
45600 262.958
45700 262.839
45800 263.127
45900 263.685
46000 263.897
46100 264.108
46200 264.819
46300 265.512
46400 266.137
46500 266.723
46600 267.067
46700 267.398
46800 268.266
46900 269.059
47000 269.388
47100 269.861
47200 270.607
47300 271.187
47400 271.618
47500 272.187
47600 272.942
47700 273.596
47800 274.335
47900 274.728
48000 274.963
48100 275.458
48200 275.638
48300 275.53
48400 275.427
48500 275.641
48600 276.01
48700 276.682
48800 277.42
48900 277.434
49000 277.271
49100 277.906
49200 278.7
49300 279.262
49400 279.863
49500 280.561
49600 281.115
49700 281.644
49800 282.307
49900 282.974
50000 283.698
50100 284.58
50200 285.511
50300 286.253
50400 286.973
50500 287.635
50600 287.827
50700 288.443
50800 288.834
50900 289.358
51000 289.677
51100 290.276
51200 291.045
51300 291.376
51400 291.759
51500 292.376
51600 292.781
51700 293.501
51800 293.999
51900 294.423
52000 294.924
52100 295.621
52200 296.305
52300 296.678
52400 297.114
52500 297.247
52600 297.484
52700 298.009
52800 298.19
52900 298.679
53000 298.948
53100 299.043
53200 299.276
53300 299.7
53400 300.4
53500 300.88
53600 301.209
53700 301.876
53800 301.951
53900 302.235
54000 302.668
54100 303.476
54200 304.294
54300 304.921
54400 305.489
54500 305.974
54600 306.833
54700 307.833
54800 308.122
54900 308.694
55000 309.25
55100 309.488
55200 309.778
55300 310.354
55400 311.115
55500 311.943
55600 312.384
55700 312.961
55800 313.744
55900 314.53
56000 315.195
56100 315.646
56200 316.657
56300 317.696
56400 318.757
56500 319.37
56600 319.696
56700 320.442
56800 320.881
56900 321.281
57000 321.842
57100 322.742
57200 323.509
57300 324.295
57400 325.217
57500 326.059
57600 326.7
57700 327.393
57800 327.945
57900 328.794
58000 329.507
58100 330.292
58200 331.19
58300 332.241
58400 333.11
58500 333.701
58600 334.377
58700 335.326
58800 336.149
58900 336.764
59000 337.489
59100 338.604
59200 339.49
59300 340.389
59400 341.205
59500 341.963
59600 342.68
59700 343.366
59800 344.064
59900 344.97
60000 346.044
60100 346.567
60200 347.294
60300 348.347
60400 349.154
60500 349.369
60600 349.876
60700 350.299
60800 350.666
60900 351.453
61000 352.021
61100 352.546
61200 352.886
61300 353.342
61400 353.961
61500 354.509
61600 355.074
61700 355.848
61800 356.437
61900 357.068
62000 357.535
62100 358.144
62200 358.822
62300 359.091
62400 359.834
62500 360.455
62600 361.334
62700 362.261
62800 363.187
62900 364.406
63000 365.86
63100 367.296
63200 368.379
63300 369.194
63400 369.982
63500 370.502
63600 371.426
63700 372.085
63800 372.803
63900 373.75
64000 374.401
64100 375.052
64200 376.019
64300 376.905
64400 377.784
64500 378.992
64600 380.315
64700 381.537
64800 382.545
64900 383.984
65000 385.519
65100 387.031
65200 388.366
65300 389.81
65400 391.109
65500 392.402
65600 393.226
65700 394.563
65800 396.007
65900 397.572
66000 399.028
66100 400.128
66200 401.391
66300 402.444
66400 403.516
66500 404.594
66600 405.715
66700 407.225
66800 408.593
66900 409.696
67000 410.669
67100 411.83
67200 413.351
67300 414.796
67400 416.448
67500 418.066
67600 419.659
67700 421.162
67800 422.53
67900 423.786
68000 425.117
68100 426.577
68200 427.779
68300 429.542
68400 431.171
68500 432.955
68600 434.646
68700 436.024
68800 437.655
68900 439.323
69000 440.974
69100 442.765
69200 444.586
69300 445.998
69400 447.339
69500 448.922
69600 450.308
69700 451.659
69800 452.867
69900 454.554
70000 455.954
70100 457.281
70200 458.457
70300 459.961
70400 461.401
70500 462.64
70600 463.771
70700 464.738
70800 465.871
70900 467.083
71000 468.245
71100 469.504
71200 470.745
71300 471.941
71400 473.479
71500 474.578
71600 475.885
71700 477.619
71800 479.068
71900 480.519
72000 481.969
72100 483.222
72200 484.451
72300 485.52
72400 486.675
72500 487.749
72600 488.847
72700 490.147
72800 490.949
72900 491.974
73000 493.541
73100 495.073
73200 496.486
73300 497.474
73400 498.721
73500 500.265
73600 501.878
73700 503.231
73800 503.986
73900 504.993
74000 506.028
74100 507.299
74200 508.621
74300 510.028
74400 511.387
74500 513.096
74600 514.491
74700 516.036
74800 517.346
74900 518.565
75000 519.813
75100 521.043
75200 522.199
75300 523.21
75400 524.358
75500 525.566
75600 526.901
75700 527.97
75800 529.06
75900 530.605
76000 531.895
76100 533.05
76200 534.324
76300 536.087
76400 537.591
76500 539.291
76600 540.937
76700 542.206
76800 543.322
76900 544.62
77000 545.929
77100 546.972
77200 548.119
77300 548.922
77400 549.832
77500 551.005
77600 552.224
77700 553.192
77800 554.44
77900 555.542
78000 556.817
78100 558.16
78200 559.778
78300 560.949
78400 562.188
78500 563.778
78600 565.309
78700 566.875
78800 568.814
78900 570.278
79000 571.514
79100 572.894
79200 574.144
79300 575.313
79400 576.705
79500 578.21
79600 579.099
79700 579.622
79800 580.335
79900 581.056
80000 581.619
80100 582.09
80200 582.709
80300 583.543
80400 584.489
80500 585.459
80600 586.187
80700 586.991
80800 587.962
80900 588.707
81000 589.358
81100 589.839
81200 590.505
81300 591.273
81400 591.869
81500 592.667
81600 593.693
81700 594.893
81800 595.763
81900 596.42
82000 597.196
82100 597.785
82200 598.292
82300 599.078
82400 599.956
82500 600.647
82600 601.245
82700 601.858
82800 602.261
82900 602.094
83000 601.838
83100 601.6
83200 601.474
83300 601.395
83400 601.455
83500 601.507
83600 601.361
83700 601.748
83800 601.892
83900 601.682
84000 601.164
84100 600.771
84200 600.834
84300 600.797
84400 600.818
84500 600.927
84600 601.028
84700 600.873
84800 600.65
84900 600.405
85000 600.033
85100 599.869
85200 599.662
85300 599.233
85400 598.679
85500 598.594
85600 598.642
85700 598.853
85800 598.805
85900 598.723
86000 598.806
86100 599.004
86200 599.282
86300 599.357
86400 599.62
86500 599.757
86600 599.69
86700 599.729
86800 600.108
86900 600.178
87000 600.399
87100 600.634
87200 600.873
87300 601.321
87400 602.068
87500 602.698
87600 603.214
87700 603.241
87800 603.401
87900 603.831
88000 604.271
88100 604.91
88200 605.413
88300 606.033
88400 606.908
88500 607.496
88600 608.094
88700 608.815
88800 609.244
88900 609.461
89000 609.891
89100 610.629
89200 611.07
89300 611.889
89400 612.553
89500 613.109
89600 613.669
89700 614.044
89800 614.192
89900 614.227
90000 614.295
90100 614.348
90200 614.613
90300 614.797
90400 615.26
90500 615.573
90600 616.096
90700 616.303
90800 616.348
90900 616.545
91000 616.456
91100 616.56
91200 617.042
91300 617.56
91400 618.165
91500 618.787
91600 619.483
91700 620.263
91800 620.941
91900 621.519
92000 622.444
92100 623.487
92200 624.318
92300 625.29
92400 625.846
92500 626.753
92600 627.464
92700 628.356
92800 629.036
92900 629.432
93000 629.552
93100 629.32
93200 629.637
93300 630.191
93400 630.528
93500 630.941
93600 631.168
93700 631.426
93800 631.952
93900 632.616
94000 632.883
94100 633.409
94200 633.711
94300 634.086
94400 634.68
94500 635.337
94600 635.939
94700 636.362
94800 636.527
94900 636.482
95000 636.606
95100 637.005
95200 636.918
95300 636.886
95400 637.012
95500 637.167
95600 637.543
95700 637.672
95800 638.075
95900 638.345
96000 638.813
96100 639.426
96200 640.228
96300 641.038
96400 641.868
96500 642.601
96600 642.824
96700 642.838
96800 642.939
96900 643.013
97000 643.156
97100 643.358
97200 643.618
97300 643.614
97400 643.442
97500 643.409
97600 643.675
97700 643.978
97800 644.712
97900 645.295
98000 645.704
98100 645.829
98200 646.444
98300 646.914
98400 647.367
98500 647.693
98600 648.403
98700 648.688
98800 649.367
98900 650.135
99000 650.786
99100 651.118
99200 651.26
99300 652.028
99400 652.626
99500 653.152
99600 653.889
99700 654.578
99800 654.627
99900 655.043
100000 655.371
