# Time-averaged data for fix msd_avg_A
# TimeStep c_msd_A[4]
0 1.68466e-29
100 0.27247
200 0.696864
300 1.06425
400 1.43809
500 1.80085
600 2.10306
700 2.47843
800 2.82759
900 3.08444
1000 3.34131
1100 3.54391
1200 3.70657
1300 3.91861
1400 4.12778
1500 4.39247
1600 4.66183
1700 4.8809
1800 5.21587
1900 5.41407
2000 5.56793
2100 5.90152
2200 6.11863
2300 6.16519
2400 6.20962
2500 6.39381
2600 6.49646
2700 6.64128
2800 6.8985
2900 7.21016
3000 7.43196
3100 7.88654
3200 8.29334
3300 8.76068
3400 9.15826
3500 9.30807
3600 9.73067
3700 10.1862
3800 10.4928
3900 10.9489
4000 11.1026
4100 11.2434
4200 11.3389
4300 11.6559
4400 11.8133
4500 11.9689
4600 12.2116
4700 12.5062
4800 12.9479
4900 13.4719
5000 13.8572
5100 14.0178
5200 14.2848
5300 14.8124
5400 15.1613
5500 15.5651
5600 15.8044
5700 15.9165
5800 16.46
5900 16.9359
6000 17.1593
6100 17.6172
6200 17.8164
6300 18.3452
6400 18.7536
6500 19.3978
6600 19.9934
6700 20.5072
6800 20.9673
6900 21.5301
7000 22.0587
7100 22.6982
7200 23.1845
7300 23.6804
7400 24.0053
7500 24.1012
7600 24.6034
7700 24.9316
7800 25.3498
7900 25.768
8000 26.3549
8100 26.9178
8200 27.3782
8300 27.8239
8400 28.5082
8500 28.6922
8600 28.7118
8700 28.9571
8800 29.2223
8900 29.4353
9000 29.8601
9100 30.0828
9200 30.5724
9300 31.0241
9400 31.4849
9500 31.9306
9600 32.3955
9700 32.7096
9800 32.9162
9900 33.5189
10000 33.9842
10100 34.2126
10200 34.9092
10300 35.0146
10400 35.0385
10500 34.8733
10600 34.9738
10700 35.4008
10800 35.9017
10900 36.1014
11000 36.3378
11100 36.9617
11200 37.206
11300 36.9773
11400 37.2693
11500 37.5271
11600 37.6708
11700 38.0054
11800 38.7747
11900 39.973
12000 40.3994
12100 40.8613
12200 41.5995
12300 42.3205
12400 42.7892
12500 43.1625
12600 43.6799
12700 44.6028
12800 44.9771
12900 45.7173
13000 45.8093
13100 45.7672
13200 45.7749
13300 45.7394
13400 46.0134
13500 46.0502
13600 46.0115
13700 45.9361
13800 46.056
13900 46.3572
14000 46.8419
14100 47.0175
14200 47.6566
14300 47.9913
14400 48.1448
14500 48.7535
14600 49.5259
14700 50.5729
14800 50.9254
14900 50.8645
15000 50.9166
15100 50.9439
15200 50.9268
15300 50.6067
15400 51.0293
15500 50.8796
15600 50.5889
15700 50.2058
15800 50.5584
15900 51.1212
16000 51.339
16100 51.5059
16200 51.6478
16300 52.2163
16400 52.6164
16500 53.0439
16600 53.5545
16700 53.9378
16800 54.4466
16900 54.6982
17000 55.0228
17100 54.8724
17200 54.5104
17300 54.3953
17400 54.3165
17500 54.968
17600 55.1968
17700 55.3767
17800 55.6208
17900 55.9307
18000 56.1385
18100 56.0223
18200 56.2086
18300 56.5598
18400 57.0603
18500 57.1411
18600 56.9045
18700 57.2742
18800 57.5613
18900 57.4016
19000 57.1621
19100 57.3625
19200 57.4172
19300 57.3703
19400 57.5915
19500 57.971
19600 58.1975
19700 58.4567
19800 58.2547
19900 57.7524
20000 57.6408
20100 57.8142
20200 58.3792
20300 58.5328
20400 57.9936
20500 57.4808
20600 57.2795
20700 57.4182
20800 57.7291
20900 57.4849
21000 57.1558
21100 57.0291
21200 57.2839
21300 57.7655
21400 58.104
21500 57.9944
21600 58.3289
21700 58.9476
21800 59.6519
21900 59.8669
22000 60.1858
22100 60.2204
22200 60.2573
22300 60.4472
22400 61.1114
22500 61.7629
22600 62.0358
22700 62.5002
22800 62.9088
22900 63.1501
23000 64.0267
23100 64.7768
23200 65.1028
23300 65.7486
23400 66.6055
23500 67.434
23600 67.7668
23700 67.6587
23800 67.9279
23900 68.2153
24000 68.3742
24100 68.6431
24200 68.8791
24300 68.702
24400 68.3933
24500 68.5233
24600 68.9362
24700 69.4947
24800 69.6437
24900 69.7478
25000 69.9111
25100 69.9768
25200 70.2993
25300 71.002
25400 71.526
25500 72.3806
25600 72.9674
25700 72.9438
25800 73.061
25900 73.2063
26000 73.66
26100 74.2811
26200 74.71
26300 75.1521
26400 75.3983
26500 75.6006
26600 76.0642
26700 76.2365
26800 77.0901
26900 78.1666
27000 78.8965
27100 79.118
27200 79.2729
27300 79.1575
27400 79.955
27500 80.8945
27600 81.4774
27700 81.419
27800 81.3007
27900 81.4761
28000 81.1542
28100 81.1873
28200 81.0671
28300 81.4497
28400 82.2205
28500 83.0731
28600 83.548
28700 83.7294
28800 84.5093
28900 85.4857
29000 86.3288
29100 87.2208
29200 87.198
29300 87.9247
29400 88.1203
29500 88.5318
29600 88.9657
29700 89.2106
29800 88.658
29900 88.3595
30000 88.608
30100 88.8709
30200 89.1697
30300 89.4294
30400 89.8321
30500 90.1358
30600 90.0205
30700 90.8107
30800 91.4075
30900 91.8905
31000 92.3008
31100 92.8517
31200 93.5273
31300 93.2395
31400 93.3788
31500 93.4767
31600 93.7454
31700 93.9235
31800 94.2927
31900 94.6279
32000 94.3469
32100 94.2337
32200 93.9147
32300 93.4409
32400 92.6735
32500 92.1752
32600 92.1583
32700 92.426
32800 92.9954
32900 93.4153
33000 93.7162
33100 93.6931
33200 93.644
33300 93.9363
33400 93.8188
33500 94.3014
33600 93.6312
33700 93.7857
33800 94.5721
33900 95.3419
34000 95.3085
34100 95.351
34200 95.1282
34300 94.4793
34400 94.3323
34500 94.8531
34600 94.9627
34700 94.5258
34800 94.3081
34900 94.4988
35000 94.3496
35100 93.68
35200 93.3521
35300 93.3276
35400 92.6458
35500 92.3549
35600 92.5778
35700 92.6887
35800 93.1833
35900 93.5379
36000 94.2435
36100 94.7961
36200 95.2475
36300 95.3624
36400 95.7548
36500 96.4851
36600 97.362
36700 98.0985
36800 98.1375
36900 97.925
37000 98.3458
37100 98.1682
37200 97.644
37300 97.4738
37400 98.4786
37500 98.939
37600 99.2648
37700 99.8314
37800 100.358
37900 100.026
38000 99.5568
38100 99.4046
38200 99.5507
38300 100.511
38400 101.18
38500 101.895
38600 102.079
38700 102.367
38800 102.785
38900 102.806
39000 102.705
39100 102.446
39200 102.599
39300 103.351
39400 103.618
39500 104.189
39600 104.27
39700 104.997
39800 104.838
39900 105.14
40000 105.679
40100 105.836
40200 106.31
40300 107.44
40400 107.692
40500 108.442
40600 108.619
40700 108.325
40800 108.136
40900 107.864
41000 107.106
41100 107.182
41200 107.164
41300 107.028
41400 107.013
41500 107.83
41600 108.415
41700 108.194
41800 108.116
41900 107.973
42000 108.423
42100 109.609
42200 110.066
42300 110.749
42400 111.411
42500 112.017
42600 111.763
42700 111.4
42800 111.272
42900 110.47
43000 110.274
43100 110.296
43200 109.747
43300 109.339
43400 110.157
43500 111
43600 110.764
43700 110.802
43800 111.197
43900 111.581
44000 111.055
44100 111.206
44200 111.173
44300 111.34
44400 111.934
44500 112.332
44600 111.864
44700 112.371
44800 112.734
44900 112.3
45000 112.087
45100 112.387
45200 113.251
45300 114.124
45400 115.087
45500 115.44
45600 115.94
45700 115.618
45800 115.902
45900 116.007
46000 115.873
46100 115.577
46200 115.841
46300 115.924
46400 116.032
46500 115.98
46600 115.93
46700 115.486
46800 115.721
46900 116.186
47000 116.088
47100 116.552
47200 116.835
47300 117.135
47400 117.006
47500 117.336
47600 118.309
47700 119.28
47800 120.149
47900 120.2
48000 120.293
48100 120.689
48200 120.429
48300 119.571
48400 118.848
48500 117.994
48600 117.383
48700 117.427
48800 117.834
48900 117.533
49000 117.304
49100 117.551
49200 117.518
49300 116.929
49400 116.548
49500 116.519
49600 116.595
49700 116.473
49800 116.349
49900 116.635
50000 116.44
50100 116.994
50200 117.53
50300 117.755
50400 117.951
50500 118.774
50600 118.412
50700 118.498
50800 118.784
50900 118.459
51000 117.767
51100 118.096
51200 119.097
51300 119.14
51400 119.027
51500 118.48
51600 118.127
51700 118.213
51800 118.282
51900 117.998
52000 117.27
52100 117.187
52200 117.278
52300 117.287
52400 117.258
52500 116.655
52600 116.337
52700 115.668
52800 115.147
52900 114.95
53000 114.599
53100 114.267
53200 114.455
53300 114.783
53400 114.734
53500 114.208
53600 114.238
53700 113.748
53800 113.216
53900 112.832
54000 113.009
54100 113.513
54200 113.693
54300 113.537
54400 113.53
54500 113.728
54600 113.543
54700 113.776
54800 113.425
54900 113.716
55000 113.856
55100 114.223
55200 114.194
55300 114.087
55400 114.244
55500 114.159
55600 114.153
55700 114.076
55800 114.246
55900 114.989
56000 115.197
56100 115.649
56200 115.921
56300 116.212
56400 117.1
56500 116.912
56600 116.83
56700 116.623
56800 116.826
56900 117.021
57000 117.344
57100 117.788
57200 118.392
57300 118.483
57400 118.752
57500 119.095
57600 118.513
57700 118.718
57800 118.73
57900 119.046
58000 118.877
58100 118.892
58200 119.69
58300 119.952
58400 120.363
58500 120.194
58600 120.074
58700 119.813
58800 119.694
58900 119.26
59000 119.532
59100 119.932
59200 120.071
59300 119.867
59400 119.551
59500 119.889
59600 119.78
59700 119.608
59800 120.105
59900 120.758
60000 121.223
60100 120.351
60200 120.383
60300 121.102
60400 120.779
60500 120.833
60600 120.869
60700 121.001
60800 120.855
60900 121.134
61000 121.17
61100 121.03
61200 120.692
61300 120.897
61400 120.989
61500 121.196
61600 121.537
61700 121.484
61800 121.907
61900 121.975
62000 121.082
62100 120.989
62200 120.802
62300 120.486
62400 120.577
62500 120.525
62600 120.846
62700 120.191
62800 119.269
62900 119.297
63000 120.162
63100 120.808
63200 121.09
63300 121.255
63400 122.219
63500 122.14
63600 122.346
63700 122.001
63800 121.755
63900 121.55
64000 120.925
64100 120.49
64200 120.2
64300 120.096
64400 120.147
64500 120.118
64600 120.226
64700 120.399
64800 120.463
64900 121.535
65000 122.109
65100 122.978
65200 123.911
65300 125.041
65400 125.863
65500 126.007
65600 125.945
65700 126.317
65800 127.017
65900 127.261
66000 127.296
66100 126.82
66200 127.641
66300 127.353
66400 127.38
66500 127.191
66600 126.874
66700 127.217
66800 127.684
66900 127.83
67000 127.294
67100 127.082
67200 127.799
67300 127.805
67400 128.013
67500 128.43
67600 128.45
67700 129.32
67800 129.581
67900 129.423
68000 130.003
68100 130.69
68200 131.087
68300 130.926
68400 131.222
68500 131.445
68600 132.162
68700 132.659
68800 133.977
68900 134.215
69000 134.903
69100 135.798
69200 136.762
69300 136.734
69400 136.967
69500 137.413
69600 137.12
69700 137.127
69800 136.761
69900 136.784
70000 136.86
70100 136.776
70200 137.765
70300 138.318
70400 139.28
70500 139.198
70600 137.949
70700 137.418
70800 136.974
70900 136.809
71000 137.442
71100 137.109
71200 136.919
71300 136.713
71400 137.151
71500 138.136
71600 138.818
71700 139.312
71800 138.854
71900 138.485
72000 138.633
72100 139.148
72200 139.241
72300 139.321
72400 139.019
72500 139.021
72600 139.378
72700 140.131
72800 140.198
72900 140.402
73000 141.265
73100 142.154
73200 142.745
73300 142.607
73400 142.796
73500 143.803
73600 145.108
73700 146.216
73800 146.149
73900 147.133
74000 147.853
74100 148.625
74200 149.6
74300 149.6
74400 149.582
74500 150.181
74600 150.419
74700 150.996
74800 150.536
74900 150.199
75000 150.569
75100 151.056
75200 150.557
75300 150.148
75400 149.747
75500 149.773
75600 149.492
75700 149.122
75800 149.809
75900 150.817
76000 150.714
76100 151.063
76200 151.837
76300 152.696
76400 151.872
76500 152.911
76600 154.08
76700 154.515
76800 153.882
76900 153.508
77000 153.227
77100 153.561
77200 154.378
77300 154.84
77400 155.059
77500 155.877
77600 156.493
77700 156.863
77800 157.395
77900 157.523
78000 157.512
78100 157.146
78200 157.696
78300 157.235
78400 157.637
78500 158.634
78600 159.47
78700 160.22
78800 161.791
78900 162.629
79000 163.375
79100 163.935
79200 163.946
79300 163.904
79400 164.857
79500 165.808
79600 165.906
79700 164.766
79800 164.077
79900 164.129
80000 164.748
80100 165.154
80200 165.445
80300 165.719
80400 166.532
80500 167.15
80600 167.041
80700 167.046
80800 167.55
80900 167.59
81000 166.941
81100 166.359
81200 166.629
81300 167.821
81400 168.39
81500 168.896
81600 169.677
81700 170.128
81800 170.083
81900 170.544
82000 170.606
82100 171.177
82200 171.209
82300 171.855
82400 173.174
82500 173.206
82600 173.089
82700 173.372
82800 173.046
82900 172.547
83000 171.843
83100 171.119
83200 171.373
83300 171.437
83400 170.813
83500 170.209
83600 169.378
83700 169.785
83800 170.002
83900 169.567
84000 169.094
84100 167.616
84200 167.387
84300 167.224
84400 166.669
84500 166.618
84600 165.632
84700 164.862
84800 164.84
84900 164.669
85000 164.237
85100 163.611
85200 163.714
85300 163.513
85400 163.01
85500 162.863
85600 163.011
85700 163.533
85800 163.84
85900 163.925
86000 164.279
86100 163.685
86200 163.7
86300 163.161
86400 163.201
86500 163.531
86600 163.317
86700 162.477
86800 161.237
86900 160.4
87000 159.373
87100 159.153
87200 159.595
87300 159.326
87400 159.041
87500 159.233
87600 159.659
87700 159.692
87800 160.044
87900 160.749
88000 161.263
88100 161.904
88200 162.204
88300 163.084
88400 163.774
88500 164.443
88600 164.49
88700 164.137
88800 164.081
88900 164.176
89000 164.267
89100 165.156
89200 164.307
89300 163.726
89400 163.856
89500 163.738
89600 163.131
89700 163.263
89800 163.5
89900 163.275
90000 163.665
90100 163.865
90200 164.438
90300 164.685
90400 165.188
90500 165.516
90600 165.697
90700 166.03
90800 165.744
90900 165.542
91000 165.046
91100 164.853
91200 166.226
91300 167.098
91400 167.774
91500 167.729
91600 167.751
91700 167.137
91800 167.039
91900 167.342
92000 168.151
92100 167.958
92200 167.78
92300 167.831
92400 168.031
92500 168.702
92600 168.887
92700 169.388
92800 169.823
92900 170.298
93000 171.166
93100 171.596
93200 171.977
93300 172.221
93400 171.712
93500 171.329
93600 171.489
93700 171.669
93800 172.297
93900 172.928
94000 173.184
94100 173.669
94200 174.668
94300 175.504
94400 176.993
94500 178.285
94600 179.857
94700 180.458
94800 179.927
94900 179.691
95000 179.31
95100 178.732
95200 177.887
95300 176.948
95400 176.703
95500 177.261
95600 178.012
95700 178.204
95800 177.592
95900 176.694
96000 177.578
96100 178.376
96200 179.31
96300 181.167
96400 182.403
96500 183.134
96600 183.086
96700 183.259
96800 183.273
96900 183.234
97000 183.614
97100 183.764
97200 184.798
97300 185.634
97400 186.511
97500 186.687
97600 186.511
97700 187.196
97800 188.556
97900 190.129
98000 191.023
98100 190.823
98200 191.973
98300 192.502
98400 192.418
98500 192.402
98600 192.67
98700 192.855
98800 192.846
98900 192.466
99000 192.078
99100 191.271
99200 190.939
99300 191.748
99400 191.994
99500 191.552
99600 191.955
99700 192.12
99800 192.361
99900 191.895
100000 191.652
