# Time-averaged data for fix msd_avg_all
# TimeStep c_msd_all[4]
0 5.44612e-29
100 0.532
200 1.1559
300 1.68567
400 2.22738
500 2.70511
600 3.14214
700 3.51769
800 3.87915
900 4.25672
1000 4.62451
1100 4.96235
1200 5.21273
1300 5.56491
1400 5.9859
1500 6.39788
1600 6.68935
1700 6.93604
1800 7.17679
1900 7.44515
2000 7.70815
2100 7.94934
2200 8.23485
2300 8.48788
2400 8.73053
2500 8.99968
2600 9.13596
2700 9.28326
2800 9.42847
2900 9.57611
3000 9.85354
3100 10.1243
3200 10.3994
3300 10.7111
3400 10.988
3500 11.2845
3600 11.5317
3700 11.8295
3800 12.1096
3900 12.3492
4000 12.5065
4100 12.6661
4200 12.9109
4300 13.0798
4400 13.2177
4500 13.3109
4600 13.4605
4700 13.5394
4800 13.5922
4900 13.7466
5000 13.8612
5100 13.9525
5200 14.1023
5300 14.3981
5400 14.6614
5500 14.8643
5600 15.065
5700 15.2847
5800 15.5419
5900 15.8449
6000 16.1635
6100 16.4689
6200 16.735
6300 16.8793
6400 17.0546
6500 17.1704
6600 17.3016
6700 17.363
6800 17.4629
6900 17.5326
7000 17.6687
7100 17.7752
7200 17.9377
7300 18.0949
7400 18.2485
7500 18.5484
7600 18.7736
7700 19.1174
7800 19.4591
7900 19.6889
8000 19.9315
8100 20.0584
8200 20.1737
8300 20.2876
8400 20.5088
8500 20.6001
8600 20.5038
8700 20.3628
8800 20.3526
8900 20.4502
9000 20.5789
9100 20.6954
9200 20.8122
9300 20.8661
9400 21.0969
9500 21.3339
9600 21.5816
9700 21.6271
9800 21.7938
9900 21.8126
10000 21.9193
10100 22.1924
10200 22.275
10300 22.2784
10400 22.233
10500 22.3141
10600 22.4404
10700 22.6043
10800 22.8168
10900 22.8945
11000 23.1582
11100 23.3753
11200 23.5003
11300 23.6061
11400 23.5281
11500 23.7448
11600 23.8561
11700 23.9253
11800 23.9661
11900 23.8615
12000 23.8047
12100 23.8612
12200 23.9788
12300 24.002
12400 24.1392
12500 24.178
12600 24.2396
12700 24.4687
12800 24.7062
12900 24.9837
13000 25.287
13100 25.3822
13200 25.6552
13300 25.9931
13400 26.161
13500 26.2553
13600 26.2413
13700 26.3157
13800 26.4511
13900 26.6578
14000 26.8266
14100 26.8911
14200 26.8992
14300 27.001
14400 27.2375
14500 27.3417
14600 27.2905
14700 27.2863
14800 27.3446
14900 27.4687
15000 27.5901
15100 27.8048
15200 28.018
15300 28.2313
15400 28.3235
15500 28.4304
15600 28.4982
15700 28.4558
15800 28.5319
15900 28.6277
16000 28.5505
16100 28.41
16200 28.394
16300 28.5284
16400 28.5828
16500 28.6561
16600 28.8051
16700 28.9908
16800 29.0394
16900 28.8447
17000 28.8738
17100 28.9591
17200 28.9419
17300 28.9647
17400 28.9888
17500 29.2269
17600 29.5077
17700 29.8453
17800 30.0439
17900 30.2318
18000 30.3138
18100 30.3766
18200 30.4361
18300 30.4711
18400 30.7877
18500 31.0919
18600 31.3282
18700 31.5592
18800 31.8035
18900 31.8619
19000 31.896
19100 32.1197
19200 32.3566
19300 32.3942
19400 32.4451
19500 32.4169
19600 32.3706
19700 32.4724
19800 32.6338
19900 32.9266
20000 33.2024
20100 33.4158
20200 33.6116
20300 33.6768
20400 33.6773
20500 33.6116
20600 33.6898
20700 33.8843
20800 33.9871
20900 34.2687
21000 34.4144
21100 34.5826
21200 34.703
21300 34.6955
21400 34.7955
21500 34.709
21600 34.6913
21700 34.7392
21800 35.0817
21900 35.3787
22000 35.4965
22100 35.7676
22200 35.9758
22300 36.2125
22400 36.2685
22500 36.241
22600 36.411
22700 36.6265
22800 36.8282
22900 36.7744
23000 36.7412
23100 36.7519
23200 36.9084
23300 36.985
23400 37.1093
23500 37.2871
23600 37.3461
23700 37.2119
23800 37.2547
23900 37.207
24000 37.1232
24100 37.1691
24200 37.3962
24300 37.5393
24400 37.6745
24500 38.0138
24600 38.4056
24700 38.7704
24800 39.0782
24900 39.2805
25000 39.3029
25100 39.2665
25200 39.3819
25300 39.4436
25400 39.7351
25500 40.0257
25600 40.2461
25700 40.5118
25800 40.6257
25900 40.6402
26000 40.6354
26100 40.7274
26200 40.9092
26300 41.1625
26400 41.3479
26500 41.4644
26600 41.4813
26700 41.4518
26800 41.5962
26900 41.7219
27000 41.8702
27100 41.9069
27200 42.005
27300 42.0579
27400 41.9288
27500 41.7871
27600 41.646
27700 41.6727
27800 41.8241
27900 41.9759
28000 42.1375
28100 42.3563
28200 42.5613
28300 42.6857
28400 42.6847
28500 42.543
28600 42.4376
28700 42.2626
28800 42.1437
28900 42.2688
29000 42.3227
29100 42.2983
29200 42.6494
29300 43.0358
29400 43.1908
29500 43.3255
29600 43.4389
29700 43.589
29800 43.7673
29900 43.934
30000 44.1025
30100 44.2267
30200 44.265
30300 44.3861
30400 44.5995
30500 44.8692
30600 45.1974
30700 45.2663
30800 45.4599
30900 45.6971
31000 45.6709
31100 45.7999
31200 46.0632
31300 46.1532
31400 46.2676
31500 46.3119
31600 46.4294
31700 46.6557
31800 46.8593
31900 47.0743
32000 47.2128
32100 47.543
32200 47.7415
32300 47.6853
32400 47.6139
32500 47.668
32600 47.7307
32700 47.8668
32800 47.9574
32900 48.0015
33000 47.9826
33100 48.0708
33200 48.2657
33300 48.4465
33400 48.6866
33500 49.0705
33600 49.5317
33700 49.9417
33800 50.1275
33900 50.2754
34000 50.3752
34100 50.595
34200 50.8399
34300 51.3162
34400 51.7935
34500 51.9303
34600 51.8842
34700 51.8295
34800 52.0298
34900 52.1062
35000 52.3329
35100 52.6312
35200 52.926
35300 53.0804
35400 53.2558
35500 53.3566
35600 53.4314
35700 53.5836
35800 53.8053
35900 54.2714
36000 54.5793
36100 54.7952
36200 55.3348
36300 55.6777
36400 56.0185
36500 56.1818
36600 56.5168
36700 56.772
36800 56.9628
36900 57.1015
37000 57.1438
37100 57.0547
37200 57.1005
37300 57.2184
37400 57.236
37500 57.3365
37600 57.4554
37700 57.5529
37800 57.8287
37900 58.1772
38000 58.3597
38100 58.3284
38200 58.1838
38300 58.0426
38400 58.0586
38500 58.0673
38600 58.0604
38700 58.0063
38800 57.9569
38900 58.1313
39000 58.365
39100 58.6104
39200 58.4718
39300 58.5172
39400 58.5567
39500 58.7193
39600 58.9661
39700 59.1772
39800 59.4167
39900 59.386
40000 59.4428
40100 59.456
40200 59.6372
40300 59.9563
40400 60.3032
40500 60.5953
40600 60.6585
40700 60.9653
40800 61.0657
40900 60.9869
41000 60.9114
41100 61.0675
41200 61.3448
41300 61.3619
41400 61.4333
41500 61.543
41600 61.6595
41700 61.5875
41800 61.5368
41900 61.5163
42000 61.4756
42100 61.5922
42200 61.6514
42300 61.8887
42400 62.1914
42500 62.1416
42600 61.8398
42700 61.4994
42800 61.4296
42900 61.9458
43000 62.3072
43100 62.4449
43200 62.4919
43300 62.5944
43400 62.6652
43500 62.854
43600 62.9516
43700 62.8965
43800 62.737
43900 62.728
44000 62.8878
44100 62.6581
44200 62.3809
44300 62.3596
44400 62.2606
44500 62.1982
44600 62.2091
44700 62.3531
44800 62.5346
44900 62.564
45000 62.2218
45100 61.8828
45200 61.7954
45300 61.7253
45400 61.5795
45500 61.3923
45600 61.3367
45700 61.1048
45800 61.109
45900 61.1142
46000 61.2145
46100 61.3708
46200 61.3316
46300 61.5801
46400 61.7487
46500 61.7301
46600 61.7681
46700 62.1063
46800 62.4846
46900 62.3599
47000 62.4282
47100 62.5425
47200 62.7855
47300 62.9076
47400 63.1429
47500 63.34
47600 63.4946
47700 63.7081
47800 63.8699
47900 64.1228
48000 64.3373
48100 64.5867
48200 65.076
48300 65.133
48400 65.0083
48500 65.0718
48600 65.4344
48700 65.767
48800 65.989
48900 66.4583
49000 66.7607
49100 67.2014
49200 67.1279
49300 67.165
49400 67.3677
49500 67.8695
49600 68.048
49700 68.2081
49800 68.6418
49900 68.8125
50000 68.7245
50100 68.7066
50200 68.7773
50300 68.6782
50400 68.67
50500 69.0619
50600 69.3499
50700 69.3971
50800 69.6362
50900 69.6748
51000 69.7673
51100 70.0926
51200 70.413
51300 70.5945
51400 70.7136
51500 70.6938
51600 70.5538
51700 70.5922
51800 70.6589
51900 70.684
52000 70.913
52100 71.0818
52200 71.3507
52300 71.7151
52400 71.8833
52500 72.0676
52600 72.2952
52700 72.623
52800 72.8723
52900 73.0776
53000 73.0776
53100 73.3405
53200 73.4284
53300 73.5649
53400 73.8164
53500 74.1241
53600 74.2676
53700 74.4273
53800 74.7751
53900 74.9077
54000 74.979
54100 75.0648
54200 75.3451
54300 75.7654
54400 75.9677
54500 76.1219
54600 75.8904
54700 75.8408
54800 75.8043
54900 75.5486
55000 75.5659
55100 75.5803
55200 75.7284
55300 75.745
55400 75.666
55500 75.3071
55600 75.0411
55700 74.8702
55800 75.0222
55900 75.3645
56000 75.6015
56100 75.8413
56200 76.1183
56300 76.3969
56400 76.4859
56500 76.4784
56600 76.3743
56700 76.0937
56800 75.9638
56900 75.884
57000 76.0961
57100 76.103
57200 76.0711
57300 76.0509
57400 76.2387
57500 76.5417
57600 76.8413
57700 77.212
57800 77.2194
57900 77.3589
58000 77.5137
58100 77.6622
58200 77.9278
58300 78.0381
58400 78.1529
58500 78.1038
58600 77.8711
58700 77.8093
58800 78.0943
58900 78.638
59000 79.0053
59100 79.4231
59200 79.4147
59300 79.4474
59400 79.3922
59500 79.5685
59600 79.777
59700 79.9448
59800 79.9785
59900 80.3262
60000 80.3769
60100 80.6249
60200 81.0553
60300 81.3337
60400 81.6031
60500 81.8707
60600 81.9601
60700 82.1226
60800 82.2624
60900 82.5868
61000 82.8767
61100 83.2366
61200 83.5768
61300 83.7482
61400 83.6244
61500 83.774
61600 83.9987
61700 84.3396
61800 84.6168
61900 84.6504
62000 84.7311
62100 85.0848
62200 85.0986
62300 85.1621
62400 85.1518
62500 84.9216
62600 84.9059
62700 84.8043
62800 84.857
62900 84.7003
63000 84.4
63100 84.112
63200 83.6796
63300 83.4853
63400 83.5711
63500 83.8465
63600 84.1353
63700 84.2681
63800 84.0839
63900 84.0134
64000 84.1603
64100 84.2264
64200 84.6152
64300 85.0162
64400 85.1414
64500 85.3776
64600 85.785
64700 86.1745
64800 86.2814
64900 86.4511
65000 86.615
65100 86.4738
65200 86.3983
65300 86.4062
65400 86.6151
65500 86.7434
65600 86.8056
65700 86.6364
65800 86.5568
65900 86.6546
66000 86.6562
66100 86.9507
66200 87.3356
66300 87.5227
66400 87.7135
66500 87.8234
66600 88.1053
66700 88.5134
66800 89.1533
66900 89.6483
67000 90.2244
67100 90.3073
67200 90.6696
67300 90.9484
67400 91.3022
67500 91.4453
67600 91.7044
67700 91.8853
67800 91.832
67900 91.7539
68000 91.7598
68100 91.8424
68200 92.1861
68300 92.5202
68400 92.6463
68500 93.078
68600 93.572
68700 93.7978
68800 93.9191
68900 93.7949
69000 93.895
69100 93.8697
69200 93.748
69300 93.7889
69400 94.1609
69500 94.209
69600 94.0828
69700 94.1351
69800 94.142
69900 94.2237
70000 94.2842
70100 94.1895
70200 94.1325
70300 94.1413
70400 94.2214
70500 94.3794
70600 94.4824
70700 94.431
70800 94.5557
70900 94.7461
71000 94.7891
71100 94.9588
71200 95.2691
71300 95.6432
71400 96.0027
71500 96.3197
71600 96.5782
71700 96.9035
71800 97.0626
71900 97.1568
72000 97.2495
72100 96.9104
72200 97.1351
72300 97.5131
72400 97.8404
72500 98.1828
72600 98.4672
72700 98.7816
72800 98.8594
72900 98.994
73000 99.4797
73100 100.154
73200 100.497
73300 100.664
73400 100.886
73500 100.961
73600 100.808
73700 100.6
73800 100.368
73900 99.9863
74000 99.9118
74100 99.7404
74200 99.8066
74300 99.6702
74400 99.8377
74500 100.055
74600 100.282
74700 100.245
74800 100.05
74900 99.866
75000 99.7945
75100 99.6048
75200 99.6658
75300 99.7462
75400 99.6048
75500 99.3009
75600 99.0335
75700 98.8204
75800 98.4039
75900 98.2452
76000 98.3318
76100 98.5041
76200 98.6316
76300 98.8199
76400 99.2258
76500 99.3243
76600 99.3582
76700 99.5182
76800 99.7817
76900 99.58
77000 99.5091
77100 99.4204
77200 99.5386
77300 99.812
77400 100.129
77500 100.365
77600 100.776
77700 100.776
77800 100.644
77900 100.814
78000 100.674
78100 100.597
78200 100.541
78300 100.467
78400 100.107
78500 99.7566
78600 99.9126
78700 100.302
78800 100.557
78900 100.851
79000 100.864
79100 101.233
79200 101.639
79300 101.933
79400 102.011
79500 101.866
79600 102.003
79700 102.073
79800 101.972
79900 102.14
80000 102.511
80100 102.661
80200 102.963
80300 103.083
80400 103.08
80500 103.23
80600 103.329
80700 103.428
80800 103.354
80900 103.533
81000 103.386
81100 103.312
81200 103.208
81300 103.285
81400 103.174
81500 103.15
81600 103.131
81700 103.068
81800 102.921
81900 102.79
82000 103.161
82100 103.302
82200 103.366
82300 102.993
82400 102.738
82500 102.666
82600 102.566
82700 102.817
82800 103.252
82900 103.581
83000 103.735
83100 103.586
83200 103.522
83300 103.899
83400 104.215
83500 104.825
83600 105.321
83700 105.851
83800 106.122
83900 106.431
84000 106.708
84100 107.152
84200 107.696
84300 108.478
84400 108.649
84500 108.987
84600 109.33
84700 109.353
84800 109.303
84900 109.284
85000 109.352
85100 109.519
85200 109.805
85300 109.909
85400 109.939
85500 110.208
85600 110.57
85700 110.908
85800 111.22
85900 111.346
86000 111.528
86100 111.89
86200 112.226
86300 112.181
86400 112.156
86500 111.858
86600 111.45
86700 110.806
86800 110.568
86900 110.678
87000 110.866
87100 110.753
87200 110.373
87300 110.511
87400 110.668
87500 110.525
87600 110.472
87700 110.482
87800 110.569
87900 110.867
88000 111.23
88100 111.61
88200 112.007
88300 112.422
88400 112.726
88500 113.036
88600 113.285
88700 113.673
88800 114.141
88900 114.089
89000 114.125
89100 114.742
89200 114.924
89300 114.825
89400 115.302
89500 115.349
89600 115.25
89700 115.41
89800 115.551
89900 115.712
90000 115.918
90100 115.879
90200 116.02
90300 116.301
90400 116.035
90500 116.313
90600 116.56
90700 117.027
90800 117.523
90900 118.076
91000 118.259
91100 118.113
91200 118.172
91300 118.091
91400 118.327
91500 118.551
91600 118.609
91700 118.678
91800 118.712
91900 119.224
92000 119.624
92100 119.798
92200 119.846
92300 119.824
92400 119.977
92500 120.228
92600 120.549
92700 120.723
92800 121.196
92900 121.07
93000 121.045
93100 120.735
93200 120.946
93300 121.258
93400 121.411
93500 121.403
93600 121.203
93700 120.782
93800 120.543
93900 120.876
94000 121.058
94100 121.22
94200 121.541
94300 121.8
94400 121.803
94500 121.826
94600 122.033
94700 122.012
94800 122.179
94900 122.152
95000 121.985
95100 121.961
95200 121.977
95300 121.829
95400 121.523
95500 121.798
95600 121.936
95700 121.727
95800 122.061
95900 122.499
96000 122.699
96100 123.109
96200 123.387
96300 123.399
96400 123.337
96500 123.164
96600 122.965
96700 122.967
96800 122.85
96900 122.525
97000 122.246
97100 121.985
97200 121.659
97300 121.538
97400 121.451
97500 121.595
97600 121.575
97700 121.21
97800 121.2
97900 121.218
98000 120.627
98100 120.59
98200 120.857
98300 120.862
98400 120.903
98500 120.98
98600 121.048
98700 120.935
98800 120.64
98900 120.826
99000 120.788
99100 120.789
99200 121.193
99300 121.115
99400 121.427
99500 121.719
99600 121.992
99700 122.427
99800 122.839
99900 122.907
100000 123.098
