# Time-averaged data for fix msd_avg_all
# TimeStep c_msd_all[4]
0 0
100 0.228332
200 0.511383
300 0.8235
400 1.1351
500 1.42286
600 1.66941
700 1.91847
800 2.14453
900 2.37828
1000 2.59428
1100 2.83155
1200 3.03786
1300 3.25657
1400 3.48431
1500 3.71761
1600 3.96192
1700 4.22427
1800 4.51966
1900 4.80798
2000 5.11389
2100 5.39684
2200 5.72808
2300 6.01735
2400 6.31231
2500 6.62327
2600 6.91585
2700 7.23652
2800 7.54868
2900 7.77455
3000 7.91734
3100 8.25894
3200 8.61834
3300 8.92398
3400 9.15497
3500 9.41302
3600 9.60488
3700 9.85085
3800 10.1329
3900 10.4401
4000 10.7479
4100 11.1522
4200 11.4719
4300 11.7726
4400 12.0594
4500 12.4312
4600 12.8328
4700 13.0922
4800 13.3133
4900 13.6203
5000 13.9307
5100 14.1567
5200 14.5549
5300 14.94
5400 15.2541
5500 15.4732
5600 15.6821
5700 15.8406
5800 15.9521
5900 16.1504
6000 16.5988
6100 16.8107
6200 16.9309
6300 17.1906
6400 17.4248
6500 17.6637
6600 18.0513
6700 18.4634
6800 18.8529
6900 19.0444
7000 19.3969
7100 19.9106
7200 20.4484
7300 20.8199
7400 21.0312
7500 21.3279
7600 21.4782
7700 21.8765
7800 22.2173
7900 22.5403
8000 22.9621
8100 23.3081
8200 23.7533
8300 24.2777
8400 24.642
8500 24.8496
8600 25.0128
8700 25.4626
8800 25.8002
8900 26.0461
9000 26.2846
9100 26.7192
9200 26.8691
9300 27.0251
9400 27.5292
9500 27.8546
9600 28.1173
9700 28.3814
9800 28.6958
9900 28.9308
10000 29.0129
10100 29.2281
10200 29.4058
10300 29.6223
10400 30.1217
10500 30.3268
10600 30.6376
10700 31.1218
10800 31.6231
10900 31.909
11000 32.3393
11100 32.6429
11200 32.85
11300 33.1741
11400 33.4307
11500 33.7452
11600 33.9916
11700 34.086
11800 34.3054
11900 34.5993
12000 34.834
12100 35.1619
12200 35.5868
12300 35.93
12400 36.031
12500 36.2661
12600 36.6883
12700 37.0341
12800 37.2054
12900 37.3306
13000 37.6995
13100 38.083
13200 38.2713
13300 38.4124
13400 38.686
13500 38.896
13600 39.0308
13700 39.3031
13800 39.408
13900 39.6504
14000 39.8228
14100 39.8043
14200 39.9686
14300 40.1809
14400 40.322
14500 40.5913
14600 40.9699
14700 41.3765
14800 41.7208
14900 42.0565
15000 42.3594
15100 42.592
15200 42.7005
15300 42.944
15400 43.2379
15500 43.7765
15600 44.0442
15700 44.5288
15800 44.8896
15900 45.0522
16000 45.2391
16100 45.4412
16200 45.7053
16300 45.9868
16400 46.3075
16500 46.6538
16600 47.0912
16700 47.4926
16800 48.014
16900 48.2913
17000 48.5854
17100 48.951
17200 49.2802
17300 49.4781
17400 49.8355
17500 50.1657
17600 50.4019
17700 50.5505
17800 51.0352
17900 51.3119
18000 51.759
18100 52.1801
18200 52.5891
18300 52.9861
18400 53.5459
18500 54.1434
18600 54.6082
18700 55.2197
18800 56.0808
18900 56.7026
19000 57.1676
19100 58.0303
19200 58.757
19300 59.5796
19400 60.5971
19500 61.5046
19600 62.2685
19700 63.1156
19800 63.8394
19900 64.6925
20000 65.6665
20100 66.3712
20200 66.9683
20300 67.805
20400 68.5858
20500 69.1767
20600 69.7632
20700 70.7562
20800 71.3646
20900 71.8752
21000 72.4721
21100 73.1215
21200 74.0585
21300 74.722
21400 75.2079
21500 75.9015
21600 76.5972
21700 77.1712
21800 77.6008
21900 78.0957
22000 78.401
22100 78.7073
22200 79.2012
22300 79.5107
22400 80.0416
22500 80.6484
22600 80.976
22700 81.2266
22800 81.5744
22900 81.8528
23000 82.4517
23100 82.8615
23200 83.4294
23300 83.7446
23400 84.13
23500 84.6522
23600 85.0814
23700 85.4031
23800 85.7556
23900 86.3985
24000 86.9576
24100 87.5723
24200 88.219
24300 88.9476
24400 89.4066
24500 89.7944
24600 90.0644
24700 90.463
24800 90.6848
24900 91.03
25000 91.3892
25100 91.5877
25200 91.8931
25300 91.9769
25400 92.2272
25500 92.3638
25600 92.6401
25700 93.0177
25800 93.301
25900 93.5303
26000 94.0179
26100 94.7238
26200 95.5772
26300 96.1377
26400 96.303
26500 96.842
26600 97.4861
26700 98.2701
26800 98.8755
26900 99.4093
27000 99.9766
27100 100.252
27200 100.732
27300 101.542
27400 102.105
27500 102.674
27600 102.973
27700 103.554
27800 104.241
27900 104.938
28000 105.739
28100 106.276
28200 107.315
28300 108.419
28400 109.423
28500 110.305
28600 111.327
28700 112.163
28800 112.86
28900 113.337
29000 113.851
29100 114.252
29200 114.734
29300 115.459
29400 116.072
29500 116.997
29600 117.684
29700 118.289
29800 119.223
29900 120.053
30000 120.768
30100 121.375
30200 122.231
30300 122.813
30400 123.737
30500 124.861
30600 125.758
30700 126.334
30800 126.914
30900 127.384
31000 128.134
31100 129.393
31200 130.367
31300 131.55
31400 132.456
31500 133.15
31600 134.01
31700 134.821
31800 135.798
31900 136.83
32000 137.595
32100 138.474
32200 139.309
32300 140
32400 140.823
32500 141.643
32600 142.562
32700 143.425
32800 144.224
32900 144.941
33000 145.905
33100 146.763
33200 147.59
33300 148.447
33400 149.208
33500 149.929
33600 150.756
33700 151.542
33800 152.198
33900 152.763
34000 153.869
34100 154.665
34200 155.446
34300 156.268
34400 156.988
34500 157.554
34600 158.026
34700 158.592
34800 159.323
34900 160.002
35000 160.67
35100 161.093
35200 161.593
35300 162.036
35400 162.43
35500 162.989
35600 163.752
35700 164.505
35800 165.169
35900 165.976
36000 166.741
36100 167.242
36200 167.791
36300 168.322
36400 168.928
36500 169.628
36600 170.062
36700 170.607
36800 171.149
36900 171.61
37000 172.177
37100 172.766
37200 173.695
37300 174.39
37400 175.237
37500 176.135
37600 177.104
37700 178.006
37800 179.163
37900 180.192
38000 181.265
38100 182.367
38200 183.32
38300 183.865
38400 184.396
38500 185.105
38600 185.625
38700 185.964
38800 186.581
38900 187.149
39000 188.052
39100 188.956
39200 189.639
39300 190.439
39400 191.284
39500 191.994
39600 192.481
39700 193.315
39800 193.931
39900 194.619
40000 195.715
40100 196.663
40200 197.466
40300 198.403
40400 199.502
40500 200.78
40600 201.889
40700 203.02
40800 204.352
40900 206.141
41000 207.836
41100 208.532
41200 209.254
41300 210.499
41400 211.397
41500 211.913
41600 213.054
41700 213.786
41800 214.83
41900 215.74
42000 216.186
42100 216.679
42200 217.501
42300 218.5
42400 219.226
42500 219.604
42600 219.943
42700 220.393
42800 220.668
42900 220.885
43000 221.258
43100 221.596
43200 221.86
43300 222.653
43400 223.334
43500 223.591
43600 223.967
43700 224.581
43800 225.363
43900 225.973
44000 226.287
44100 226.573
44200 227.038
44300 227.193
44400 227.627
44500 228.238
44600 229.034
44700 229.581
44800 229.687
44900 229.593
45000 229.129
45100 228.972
45200 227.803
45300 227.424
45400 227.682
45500 228.149
45600 228.237
45700 227.46
45800 226.883
45900 227.229
46000 227.459
46100 227.01
46200 226.424
46300 226.573
46400 226.914
46500 226.875
46600 227.186
46700 227.418
46800 227.992
46900 228.899
47000 228.843
47100 228.386
47200 228.252
47300 228.474
47400 228.511
47500 228.83
47600 229.7
47700 230.218
47800 230.594
47900 230.365
48000 230.779
48100 231.128
48200 231.33
48300 231.162
48400 230.95
48500 231.228
48600 231.348
48700 231.324
48800 231.03
48900 230.582
49000 230.218
49100 230.076
49200 229.718
49300 229.339
49400 228.872
49500 229.01
49600 228.95
49700 229.018
49800 229.322
49900 229.863
50000 229.891
50100 229.438
50200 229.986
50300 230.194
50400 230.116
50500 230.102
50600 229.973
50700 229.957
50800 229.7
50900 229.725
51000 229.878
51100 230.206
51200 230.174
51300 230.198
51400 230.191
51500 230.081
51600 230.047
51700 230.367
51800 230.401
51900 230.073
52000 230.59
52100 230.595
52200 230.908
52300 231.059
52400 231.205
52500 231.437
52600 231.496
52700 231.395
52800 231.643
52900 231.705
53000 231.196
53100 230.659
53200 230.572
53300 230.824
53400 231.125
53500 231.955
53600 232.279
53700 232.727
53800 232.889
53900 232.984
54000 233.014
54100 232.628
54200 232.376
54300 232.793
54400 232.946
54500 232.692
54600 232.842
54700 232.992
54800 233.263
54900 233.521
55000 233.703
55100 233.668
55200 233.642
55300 234.324
55400 234.499
55500 235.085
55600 235.754
55700 236.308
55800 236.941
55900 237.33
56000 237.931
56100 238.09
56200 238.454
56300 238.953
56400 239.559
56500 240.268
56600 241.131
56700 241.784
56800 242.07
56900 242.281
57000 243.061
57100 243.125
57200 243.007
57300 242.957
57400 243.17
57500 242.867
57600 242.886
57700 243.175
57800 243.595
57900 244.082
58000 244.506
58100 244.597
58200 244.694
58300 245.372
58400 246.197
58500 247.431
58600 248.578
58700 248.953
58800 249.4
58900 249.582
59000 249.872
59100 250.309
59200 251.228
59300 252.382
59400 253.665
59500 254.661
59600 255.746
59700 256.165
59800 256.521
59900 257.402
60000 258.531
60100 259.195
60200 259.625
60300 260.131
60400 261.544
60500 263.167
60600 265.042
60700 266.52
60800 267.758
60900 268.978
61000 269.828
61100 270.661
61200 271.066
61300 271.555
61400 271.619
61500 272.041
61600 272.979
61700 273.283
61800 273.881
61900 274.462
62000 275.011
62100 275.843
62200 276.667
62300 276.656
62400 277.387
62500 278.111
62600 279.085
62700 279.459
62800 280.051
62900 281.066
63000 281.777
63100 282.218
63200 282.945
63300 283.984
63400 284.739
63500 285.618
63600 286.001
63700 286.404
63800 287.508
63900 288.306
64000 289.272
64100 290.111
64200 291.304
64300 292.149
64400 292.924
64500 293.334
64600 294.129
64700 294.882
64800 295.785
64900 296.72
65000 297.305
65100 297.491
65200 297.734
65300 297.489
65400 297.881
65500 298.102
65600 298.661
65700 298.878
65800 299.205
65900 299.717
66000 300.459
66100 300.948
66200 301.538
66300 302.924
66400 303.94
66500 304.938
66600 306.392
66700 307.836
66800 309.425
66900 310.809
67000 311.418
67100 311.575
67200 311.713
67300 311.86
67400 313.276
67500 314.401
67600 314.656
67700 314.961
67800 316.072
67900 317.773
68000 318.844
68100 319.928
68200 319.771
68300 319.619
68400 319.591
68500 319.941
68600 321.167
68700 322.076
68800 322.685
68900 322.951
69000 322.668
69100 322.401
69200 322.295
69300 322.13
69400 321.835
69500 321.686
69600 321.952
69700 321.759
69800 321.507
69900 321.511
70000 321.846
70100 321.8
70200 321.918
70300 322.253
70400 322.615
70500 323.033
70600 322.597
70700 322.332
70800 322.211
70900 322.315
71000 322.152
71100 321.864
71200 321.889
71300 322.653
71400 323.824
71500 323.407
71600 323.764
71700 324.494
71800 325.03
71900 325.337
72000 325.636
72100 325.729
72200 326.307
72300 325.497
72400 324.404
72500 323.905
72600 323.967
72700 324.701
72800 324.608
72900 323.928
73000 324.01
73100 324.583
73200 325.134
73300 324.968
73400 324.452
73500 324.089
73600 324.227
73700 324.968
73800 325.915
73900 327.132
74000 327.699
74100 327.652
74200 328.174
74300 328.509
74400 328.633
74500 328.225
74600 328.491
74700 330.032
74800 330.453
74900 330.897
75000 330.908
75100 331.028
75200 331.552
75300 331.701
75400 331.6
75500 331.262
75600 331.502
75700 331.479
75800 331.64
75900 331.301
76000 331.776
76100 331.585
76200 330.978
76300 329.999
76400 329.663
76500 328.88
76600 327.973
76700 327.67
76800 328.204
76900 329.177
77000 329.743
77100 330.196
77200 330.606
77300 331.607
77400 332.508
77500 332.221
77600 332.245
77700 332.303
77800 333.667
77900 334.594
78000 335.714
78100 336.441
78200 337.143
78300 338.21
78400 338.526
78500 339.192
78600 339.504
78700 339.888
78800 341.06
78900 341.867
79000 342.55
79100 342.706
79200 342.96
79300 343.781
79400 344.724
79500 344.434
79600 344.131
79700 343.923
79800 343.709
79900 344.207
80000 344.11
80100 343.358
80200 342.826
80300 342.155
80400 342.217
80500 341.909
80600 341.619
80700 340.67
80800 340.139
80900 340.497
81000 341.409
81100 342.033
81200 342.397
81300 342.817
81400 342.878
81500 342.704
81600 342.682
81700 343.499
81800 343.961
81900 343.91
82000 344.07
82100 344.614
82200 345.358
82300 346.294
82400 347.384
82500 347.455
82600 346.828
82700 346.896
82800 347.199
82900 347.46
83000 347.422
83100 347.55
83200 347.838
83300 347.772
83400 347.632
83500 348.275
83600 348.561
83700 348.873
83800 349.313
83900 349.558
84000 350.385
84100 351.046
84200 351.864
84300 352.577
84400 353.115
84500 352.554
84600 352.857
84700 353.29
84800 353.691
84900 353.345
85000 353.329
85100 353.027
85200 352.018
85300 351.497
85400 350.561
85500 350.485
85600 350.404
85700 350.417
85800 350.549
85900 350.514
86000 350.044
86100 349.571
86200 349.696
86300 350.574
86400 351.061
86500 351.203
86600 350.773
86700 350.93
86800 350.977
86900 351.54
87000 351.519
87100 350.541
87200 349.547
87300 349.451
87400 350.072
87500 350.104
87600 349.704
87700 349.326
87800 349.643
87900 349.629
88000 348.697
88100 348.514
88200 348.211
88300 347.52
88400 346.845
88500 346.91
88600 347.373
88700 346.883
88800 346.805
88900 347.75
89000 347.996
89100 347.8
89200 348.786
89300 349.78
89400 350.654
89500 351.183
89600 351.407
89700 352.499
89800 353.317
89900 353.955
90000 353.761
90100 352.863
90200 353.078
90300 353.218
90400 353.402
90500 353.067
90600 352.471
90700 352.532
90800 352.433
90900 351.866
91000 351.931
91100 351.672
91200 351.79
91300 351.61
91400 351.571
91500 350.258
91600 349.134
91700 347.921
91800 348.053
91900 347.364
92000 346.805
92100 346.419
92200 346.308
92300 346.031
92400 345.153
92500 344.761
92600 344.853
92700 344.867
92800 344.659
92900 344.184
93000 344.13
93100 343.934
93200 344.482
93300 344.72
93400 344.691
93500 344.983
93600 345.189
93700 345.316
93800 345.855
93900 346.555
94000 346.622
94100 347.571
94200 348.093
94300 348.181
94400 348.825
94500 349.775
94600 350.529
94700 350.071
94800 350.025
94900 350.802
95000 351.73
95100 351.82
95200 352.268
95300 352.483
95400 352.477
95500 351.72
95600 350.897
95700 349.721
95800 349.339
95900 348.753
96000 347.876
96100 347.249
96200 346.799
96300 346.525
96400 346.091
96500 346.252
96600 347.092
96700 347.834
96800 347.802
96900 346.735
97000 346.466
97100 346.624
97200 345.993
97300 346.31
97400 346.604
97500 346.986
97600 347.1
97700 346.919
97800 347.116
97900 348.019
98000 347.856
98100 347.083
98200 346.34
98300 345.643
98400 344.908
98500 344.46
98600 344.952
98700 344.993
98800 346.173
98900 346.112
99000 346.118
99100 345.569
99200 345.447
99300 345.314
99400 346.141
99500 346.475
99600 346.212
99700 345.723
99800 345.074
99900 345.007
100000 344.984
