# Time-averaged data for fix msd_avg_all
# TimeStep c_msd_all[4]
0 6.31089e-29
100 0.521051
200 1.19913
300 1.77265
400 2.23528
500 2.7273
600 3.22388
700 3.62531
800 4.0989
900 4.49425
1000 4.83932
1100 5.04934
1200 5.23998
1300 5.51392
1400 5.80101
1500 6.09815
1600 6.43275
1700 6.71813
1800 6.90122
1900 7.12627
2000 7.30846
2100 7.42818
2200 7.6476
2300 7.95782
2400 8.25413
2500 8.49528
2600 8.75133
2700 9.05601
2800 9.24039
2900 9.43387
3000 9.82273
3100 10.1309
3200 10.3897
3300 10.6232
3400 10.7703
3500 10.8744
3600 11.1124
3700 11.1907
3800 11.3859
3900 11.6658
4000 11.9073
4100 12.1534
4200 12.3606
4300 12.465
4400 12.5437
4500 12.7136
4600 12.9259
4700 13.046
4800 13.2311
4900 13.5323
5000 13.6094
5100 13.7589
5200 13.8526
5300 14.0246
5400 14.2424
5500 14.3741
5600 14.4619
5700 14.558
5800 14.7109
5900 14.8424
6000 14.9837
6100 15.1082
6200 15.2066
6300 15.2213
6400 15.314
6500 15.3844
6600 15.4069
6700 15.4823
6800 15.5785
6900 15.8841
7000 16.2234
7100 16.543
7200 16.6976
7300 16.7398
7400 16.787
7500 16.9626
7600 16.9927
7700 17.0111
7800 17.3472
7900 17.6857
8000 18.1502
8100 18.4877
8200 18.8379
8300 19.1816
8400 19.4425
8500 19.6639
8600 20.0548
8700 20.3997
8800 20.7019
8900 20.9536
9000 21.3046
9100 21.6165
9200 21.7912
9300 21.9456
9400 22.0284
9500 22.3958
9600 22.6252
9700 22.8027
9800 22.9226
9900 23.0096
10000 23.1059
10100 23.1882
10200 23.4372
10300 23.7203
10400 23.8155
10500 24.0268
10600 24.1873
10700 24.3029
10800 24.3826
10900 24.2761
11000 24.3183
11100 24.3201
11200 24.4393
11300 24.5624
11400 24.8278
11500 25.1537
11600 25.4173
11700 25.7828
11800 26.3294
11900 26.8914
12000 27.3943
12100 27.4366
12200 27.2639
12300 27.1533
12400 27.3032
12500 27.6883
12600 28.0243
12700 28.4742
12800 28.7566
12900 29.1908
13000 29.3852
13100 29.4543
13200 29.3259
13300 29.2762
13400 29.1808
13500 29.3211
13600 29.7735
13700 30.1463
13800 30.5456
13900 30.868
14000 31.0055
14100 31.1437
14200 31.4505
14300 31.6558
14400 32.0457
14500 32.2408
14600 32.3391
14700 32.4391
14800 32.4788
14900 32.7994
15000 33.1144
15100 33.5286
15200 33.8316
15300 34.1049
15400 34.3077
15500 34.4112
15600 34.4828
15700 34.5577
15800 34.7387
15900 35.0612
16000 35.2659
16100 35.5496
16200 35.8323
16300 35.9164
16400 36.1312
16500 36.6277
16600 36.8483
16700 36.8961
16800 36.759
16900 36.676
17000 36.6859
17100 36.4457
17200 36.3969
17300 36.4707
17400 36.431
17500 36.412
17600 36.6312
17700 36.7858
17800 37.1673
17900 37.2504
18000 37.349
18100 37.3035
18200 37.1581
18300 37.0802
18400 37.2918
18500 37.0049
18600 36.8501
18700 36.9347
18800 36.9902
18900 37.199
19000 37.3643
19100 37.6454
19200 38.071
19300 38.5652
19400 38.7325
19500 39.176
19600 39.4754
19700 39.659
19800 40.1197
19900 40.3151
20000 40.621
20100 40.8242
20200 40.9901
20300 41.0465
20400 40.9755
20500 40.7534
20600 40.629
20700 40.8113
20800 41.1056
20900 41.4681
21000 41.9712
21100 41.9244
21200 41.912
21300 42.3232
21400 42.8398
21500 43.0736
21600 43.0989
21700 43.0833
21800 43.1141
21900 43.0766
22000 43.0796
22100 43.1406
22200 43.0425
22300 42.8842
22400 42.5256
22500 42.3827
22600 42.3138
22700 42.1197
22800 42.1152
22900 42.2181
23000 42.2068
23100 42.2428
23200 42.2967
23300 42.1208
23400 42.2764
23500 42.3318
23600 42.4528
23700 42.4671
23800 42.6164
23900 42.5379
24000 42.2955
24100 42.4218
24200 42.5744
24300 42.6191
24400 42.6324
24500 42.7437
24600 42.9239
24700 43.2445
24800 43.3357
24900 43.5032
25000 43.4791
25100 43.4973
25200 43.3673
25300 43.1242
25400 42.852
25500 42.864
25600 42.9741
25700 43.0266
25800 43.0953
25900 43.4934
26000 43.7939
26100 44.1149
26200 44.268
26300 44.5192
26400 44.6095
26500 44.7942
26600 44.8086
26700 45.0323
26800 45.1619
26900 45.4155
27000 45.641
27100 45.9689
27200 46.0342
27300 46.1052
27400 46.1242
27500 46.5053
27600 46.7326
27700 46.7002
27800 46.3598
27900 46.2447
28000 46.5742
28100 46.9233
28200 47.3902
28300 47.7944
28400 48.1106
28500 48.3652
28600 48.4297
28700 48.5694
28800 48.9608
28900 49.1212
29000 49.2211
29100 49.2407
29200 49.2625
29300 49.4663
29400 49.7272
29500 50.0569
29600 50.2713
29700 50.742
29800 51.2926
29900 51.7607
30000 52.0093
30100 52.2638
30200 52.2297
30300 52.5775
30400 52.6043
30500 52.3425
30600 52.5989
30700 52.6032
30800 52.6521
30900 53.2282
31000 53.6736
31100 54.0349
31200 54.1158
31300 54.3092
31400 54.7155
31500 54.9622
31600 55.158
31700 55.2675
31800 54.9441
31900 54.4596
32000 54.433
32100 54.5816
32200 54.6993
32300 54.6659
32400 54.5705
32500 54.6447
32600 54.5759
32700 54.6617
32800 54.6442
32900 54.5313
33000 54.4212
33100 54.2576
33200 53.8421
33300 53.7383
33400 53.783
33500 53.8678
33600 53.8024
33700 53.8554
33800 54.1596
33900 54.4782
34000 54.6437
34100 54.3627
34200 54.4117
34300 54.3014
34400 54.4096
34500 54.7203
34600 55.1569
34700 55.4587
34800 55.5989
34900 55.8516
35000 56.046
35100 56.2396
35200 56.1174
35300 56.2333
35400 56.3705
35500 56.6698
35600 57.084
35700 57.4579
35800 57.6797
35900 58.0316
36000 58.3909
36100 58.8075
36200 59.2653
36300 59.4297
36400 59.8481
36500 59.9872
36600 59.9224
36700 59.8097
36800 59.9591
36900 59.8683
37000 60.042
37100 60.4026
37200 60.6648
37300 60.9058
37400 61.2226
37500 61.3999
37600 61.4894
37700 61.3529
37800 61.4669
37900 61.9185
38000 62.364
38100 62.5046
38200 62.6428
38300 62.5361
38400 62.5207
38500 62.7583
38600 62.7769
38700 62.8786
38800 63.0051
38900 63.2679
39000 64.384
39100 65.1621
39200 65.7926
39300 66.1399
39400 66.7478
39500 67.3935
39600 67.8378
39700 68.0516
39800 68.0791
39900 67.9139
40000 67.7012
40100 67.6851
40200 67.5706
40300 67.7618
40400 68.1838
40500 68.6239
40600 68.9045
40700 69.1168
40800 69.1497
40900 69.1524
41000 69.066
41100 68.9119
41200 69.3087
41300 69.2891
41400 69.0519
41500 68.877
41600 68.994
41700 69.1891
41800 68.9991
41900 68.7806
42000 68.6116
42100 68.3533
42200 68.2083
42300 67.9241
42400 67.775
42500 67.6138
42600 67.2714
42700 66.6645
42800 65.9823
42900 65.79
43000 66.146
43100 66.3571
43200 66.7415
43300 67.1469
43400 67.3577
43500 67.0947
43600 67.1246
43700 66.9402
43800 66.76
43900 66.851
44000 66.8694
44100 67.1081
44200 67.5784
44300 67.8328
44400 68.1207
44500 68.214
44600 68.4492
44700 68.419
44800 68.3487
44900 68.1401
45000 68.3317
45100 68.6203
45200 69.0316
45300 68.8376
45400 68.7959
45500 68.5145
45600 68.3317
45700 68.2355
45800 68.3926
45900 68.5975
46000 68.7779
46100 68.721
46200 69.0464
46300 69.5546
46400 69.6718
46500 70.0405
46600 70.4417
46700 70.6829
46800 70.8968
46900 71.594
47000 72.1024
47100 72.8787
47200 73.2321
47300 73.6494
47400 73.7881
47500 74.2855
47600 74.5398
47700 75.0333
47800 75.0753
47900 74.8364
48000 74.7517
48100 74.6845
48200 74.4314
48300 74.258
48400 74.5239
48500 74.6031
48600 74.9619
48700 75.089
48800 74.9674
48900 75.0979
49000 75.4044
49100 75.8002
49200 75.9582
49300 76.3926
49400 76.7086
49500 76.9046
49600 77.0926
49700 77.483
49800 77.8432
49900 77.4509
50000 76.9546
50100 76.6275
50200 76.667
50300 76.4885
50400 76.392
50500 76.3333
50600 76.0093
50700 75.8235
50800 75.4694
50900 75.1746
51000 74.9272
51100 74.5446
51200 74.1636
51300 74.2082
51400 74.3426
51500 74.4181
51600 74.5336
51700 74.365
51800 74.1866
51900 74.4406
52000 74.7884
52100 75.1011
52200 75.1215
52300 75.1203
52400 74.7644
52500 74.8004
52600 75.0233
52700 75.1301
52800 75.097
52900 75.2236
53000 75.4759
53100 75.5698
53200 76.0003
53300 75.7656
53400 76.0278
53500 76.1429
53600 76.1114
53700 76.1689
53800 76.2737
53900 76.2949
54000 76.6156
54100 76.6713
54200 76.9998
54300 77.8645
54400 78.1929
54500 78.8107
54600 79.129
54700 79.0914
54800 79.4751
54900 79.6503
55000 79.5632
55100 79.4564
55200 79.6802
55300 80.0053
55400 80.1924
55500 80.1092
55600 80.6076
55700 80.7589
55800 80.7074
55900 80.3611
56000 79.9423
56100 79.4866
56200 79.2029
56300 78.6622
56400 78.1913
56500 77.7659
56600 77.5001
56700 77.5329
56800 77.9188
56900 77.9643
57000 78.4564
57100 78.8812
57200 79.1808
57300 79.4141
57400 79.3892
57500 79.1142
57600 79.4028
57700 79.7114
57800 79.7099
57900 80.0825
58000 80.4487
58100 80.9261
58200 81.1765
58300 81.5211
58400 81.7767
58500 82.0726
58600 82.4685
58700 82.7315
58800 83.0716
58900 83.1185
59000 83.2648
59100 83.6558
59200 84.0965
59300 84.3336
59400 84.4008
59500 84.1457
59600 84.2401
59700 84.6965
59800 85.2128
59900 85.5552
60000 86.0803
60100 86.3343
60200 86.4383
60300 86.4995
60400 87.0245
60500 87.8
60600 88.3308
60700 89.0433
60800 89.4948
60900 89.3892
61000 89.1637
61100 89.2418
61200 88.9918
61300 89.0417
61400 88.8673
61500 88.6219
61600 88.166
61700 87.9026
61800 87.7809
61900 87.7535
62000 87.7464
62100 87.7705
62200 87.8893
62300 88.2008
62400 88.4881
62500 89.1772
62600 89.6452
62700 90.0626
62800 90.4922
62900 91.0411
63000 91.6871
63100 91.9864
63200 91.757
63300 92.0766
63400 92.5457
63500 93.0172
63600 93.1299
63700 93.2032
63800 93.1946
63900 93.3945
64000 93.2785
64100 92.7816
64200 92.5534
64300 92.2221
64400 92.1184
64500 92.1199
64600 92.1734
64700 92.2568
64800 92.4709
64900 92.0965
65000 92.3029
65100 92.186
65200 92.6489
65300 92.8529
65400 92.9748
65500 93.0658
65600 93.3179
65700 93.3283
65800 93.2777
65900 93.3976
66000 93.6514
66100 93.9405
66200 94.0773
66300 94.0723
66400 94.0019
66500 93.8307
66600 93.9494
66700 94.3112
66800 94.3323
66900 94.0659
67000 93.4953
67100 93.1145
67200 92.8033
67300 92.7621
67400 92.9428
67500 93.0391
67600 93.3631
67700 93.6415
67800 93.7947
67900 94.1676
68000 94.2115
68100 93.8634
68200 93.7631
68300 93.0238
68400 92.4393
68500 92.0352
68600 91.5468
68700 91.4026
68800 91.1961
68900 90.8281
69000 90.5359
69100 90.1225
69200 89.8885
69300 89.4085
69400 89.157
69500 89.1174
69600 88.9096
69700 88.7874
69800 88.896
69900 89.086
70000 89.1011
70100 88.9785
70200 89.0657
70300 89.2203
70400 88.9859
70500 88.5981
70600 87.9708
70700 87.443
70800 87.1947
70900 87.177
71000 87.0078
71100 86.7223
71200 86.4367
71300 86.5574
71400 86.6305
71500 86.7754
71600 87.2954
71700 87.7911
71800 88.0757
71900 88.3321
72000 89.1583
72100 89.8938
72200 90.2987
72300 90.4677
72400 90.7608
72500 90.9558
72600 90.8103
72700 90.8674
72800 90.9148
72900 90.9683
73000 90.9955
73100 91.1541
73200 91.5468
73300 91.2664
73400 91.2187
73500 91.4037
73600 91.4647
73700 91.719
73800 91.9908
73900 92.2419
74000 92.5268
74100 93.0759
74200 93.381
74300 93.6662
74400 93.1719
74500 93.0656
74600 92.7566
74700 92.6123
74800 92.8279
74900 93.2753
75000 93.6631
75100 93.9107
75200 94.0273
75300 93.767
75400 93.4549
75500 92.622
75600 92.3444
75700 92.4706
75800 92.2605
75900 92.2343
76000 92.0423
76100 91.6484
76200 91.2827
76300 91.0785
76400 91.1547
76500 91.4054
76600 91.2758
76700 91.7472
76800 92.0374
76900 91.9239
77000 91.2263
77100 90.7483
77200 90.0628
77300 89.7534
77400 89.5548
77500 89.4445
77600 89.611
77700 89.7243
77800 89.8086
77900 90.0095
78000 90.0262
78100 89.987
78200 90.0721
78300 90.1159
78400 90.136
78500 89.9623
78600 90.2517
78700 90.2872
78800 90.3535
78900 90.4648
79000 90.16
79100 90.2443
79200 90.2106
79300 89.8931
79400 88.8577
79500 88.1805
79600 88.3041
79700 88.435
79800 88.4885
79900 88.6149
80000 88.931
80100 89.4477
80200 89.6625
80300 89.4068
80400 89.6436
80500 90.2459
80600 90.4013
80700 90.3569
80800 90.3103
80900 90.0772
81000 90.0753
81100 90.4358
81200 90.7756
81300 91.4097
81400 91.5911
81500 91.792
81600 92.1113
81700 92.5276
81800 92.9951
81900 93.0993
82000 93.3257
82100 93.4361
82200 93.666
82300 93.617
82400 93.6424
82500 93.9705
82600 93.7084
82700 93.6423
82800 93.9052
82900 93.7268
83000 93.7301
83100 93.7148
83200 93.4551
83300 93.3329
83400 93.3324
83500 93.5722
83600 93.8733
83700 94.479
83800 94.9618
83900 95.3672
84000 95.6366
84100 95.8992
84200 96.1719
84300 96.5197
84400 96.8937
84500 97.0632
84600 97.7007
84700 98.474
84800 98.8958
84900 99.1717
85000 99.7738
85100 100.229
85200 100.326
85300 100.472
85400 100.576
85500 100.887
85600 101.089
85700 100.918
85800 100.821
85900 100.664
86000 100.338
86100 99.8775
86200 99.5417
86300 98.8966
86400 98.3344
86500 98.4196
86600 98.9494
86700 99.5374
86800 99.9537
86900 100.336
87000 100.995
87100 101.407
87200 101.118
87300 100.734
87400 100.264
87500 100.313
87600 100.186
87700 100.553
87800 101.149
87900 101.306
88000 101.151
88100 101.075
88200 100.921
88300 100.968
88400 101.149
88500 101.082
88600 101.257
88700 101.224
88800 101.206
88900 101.237
89000 101.006
89100 100.481
89200 100.166
89300 99.7885
89400 99.5433
89500 99.284
89600 99.2224
89700 99.357
89800 99.7644
89900 100.035
90000 99.6089
90100 99.4637
90200 99.5939
90300 99.3977
90400 99.4744
90500 99.4731
90600 99.0721
90700 98.9047
90800 99.0106
90900 98.9904
91000 98.8493
91100 98.6162
91200 98.6228
91300 98.6407
91400 98.6168
91500 98.8701
91600 99.5491
91700 100.279
91800 100.983
91900 101.867
92000 102.46
92100 102.627
92200 102.683
92300 103.399
92400 103.808
92500 103.88
92600 103.937
92700 104.225
92800 104.621
92900 105.129
93000 105.67
93100 105.78
93200 105.997
93300 105.922
93400 105.804
93500 105.519
93600 105.491
93700 105.828
93800 105.749
93900 106.177
94000 106.097
94100 106.613
94200 107.283
94300 107.644
94400 108.32
94500 108.62
94600 108.505
94700 108.172
94800 108.027
94900 108.261
95000 108.637
95100 108.98
95200 109.115
95300 109.414
95400 109.883
95500 110.482
95600 111.069
95700 111.702
95800 112.396
95900 112.755
96000 112.732
96100 113.351
96200 114.322
96300 115.143
96400 115.449
96500 115.799
96600 115.649
96700 115.409
96800 115.214
96900 115.114
97000 115.429
97100 115.992
97200 115.988
97300 116.025
97400 116.541
97500 117.287
97600 117.217
97700 117.273
97800 117.586
97900 117.332
98000 117.116
98100 117.104
98200 117.706
98300 117.922
98400 117.855
98500 117.757
98600 117.552
98700 117.124
98800 116.385
98900 116.173
99000 116.348
99100 116.394
99200 116.265
99300 115.861
99400 115.68
99500 116.107
99600 116.174
99700 116.222
99800 116.16
99900 116.303
100000 116.34
