# Time-averaged data for fix msd_avg_all
# TimeStep c_msd_all[4]
0 5.17361e-29
100 0.601904
200 1.3846
300 2.07108
400 2.7876
500 3.40722
600 4.08857
700 4.77353
800 5.42906
900 5.97119
1000 6.57119
1100 6.97158
1200 7.38843
1300 7.78103
1400 8.22906
1500 8.56465
1600 8.9541
1700 9.34792
1800 9.78254
1900 10.0583
2000 10.3881
2100 11.0651
2200 11.7449
2300 12.3272
2400 12.8704
2500 13.2846
2600 13.4885
2700 13.6294
2800 13.7154
2900 14.0741
3000 14.5302
3100 15.0301
3200 15.3604
3300 15.8309
3400 16.2599
3500 16.8646
3600 17.4266
3700 17.9444
3800 18.4457
3900 18.7556
4000 18.8808
4100 19.2444
4200 19.5398
4300 19.8029
4400 20.2821
4500 20.8076
4600 21.4006
4700 22.0375
4800 22.7336
4900 23.243
5000 23.6865
5100 24.1606
5200 24.5524
5300 24.9135
5400 25.4676
5500 26.1528
5600 26.5648
5700 26.9679
5800 27.2205
5900 27.6246
6000 27.8691
6100 28.0125
6200 28.2503
6300 28.6106
6400 28.6243
6500 28.6433
6600 28.96
6700 29.2071
6800 29.6884
6900 29.6869
7000 29.8989
7100 30.2376
7200 30.3597
7300 30.4424
7400 30.8792
7500 31.3992
7600 31.688
7700 32.0335
7800 32.2419
7900 32.2873
8000 32.2501
8100 32.1975
8200 32.4315
8300 32.8382
8400 33.8051
8500 34.4641
8600 35.1327
8700 35.5595
8800 35.9345
8900 36.3801
9000 36.8119
9100 37.0736
9200 37.4779
9300 38.02
9400 38.421
9500 38.883
9600 39.2938
9700 39.4293
9800 39.53
9900 39.7827
10000 40.0431
10100 40.3447
10200 40.699
10300 41.022
10400 41.5664
10500 42.3656
10600 43.1386
10700 43.7884
10800 44.1253
10900 44.6162
11000 44.9048
11100 45.2262
11200 45.4829
11300 46.1855
11400 46.7154
11500 47.0653
11600 47.5552
11700 47.9005
11800 48.1618
11900 48.5346
12000 48.7021
12100 48.9966
12200 49.3847
12300 49.9375
12400 50.2229
12500 50.3332
12600 50.667
12700 50.9285
12800 51.114
12900 51.0962
13000 51.1381
13100 51.2733
13200 51.6912
13300 52.109
13400 52.4376
13500 52.5344
13600 52.5506
13700 52.797
13800 53.0839
13900 53.4301
14000 54.0556
14100 54.1317
14200 54.1301
14300 54.6518
14400 54.944
14500 54.7198
14600 54.7458
14700 55.1074
14800 55.3772
14900 55.5374
15000 55.9416
15100 56.1696
15200 56.1243
15300 56.1793
15400 56.3085
15500 56.4717
15600 56.6603
15700 56.3109
15800 56.1807
15900 56.096
16000 56.1063
16100 55.919
16200 56.0669
16300 56.0357
16400 55.987
16500 56.2214
16600 56.7375
16700 57.0989
16800 57.4297
16900 57.5546
17000 57.8759
17100 58.4751
17200 58.6643
17300 59.0809
17400 59.7853
17500 60.8733
17600 61.7379
17700 62.6988
17800 63.5736
17900 64.3324
18000 65.083
18100 65.4314
18200 65.9127
18300 66.7233
18400 67.4147
18500 67.9866
18600 68.4842
18700 68.847
18800 68.8884
18900 68.8162
19000 68.9837
19100 69.3959
19200 69.6937
19300 69.9514
19400 70.0853
19500 70.5923
19600 70.9334
19700 70.653
19800 70.5245
19900 70.6857
20000 71.109
20100 71.6674
20200 72.205
20300 72.3893
20400 72.1827
20500 71.8033
20600 71.849
20700 72.3124
20800 72.4544
20900 72.5008
21000 72.6172
21100 72.874
21200 72.8755
21300 73.0786
21400 73.2055
21500 73.3536
21600 73.5345
21700 73.5353
21800 73.9464
21900 74.2465
22000 74.3915
22100 74.5378
22200 74.5889
22300 74.6247
22400 74.6488
22500 74.6261
22600 74.7648
22700 74.9592
22800 75.3086
22900 75.3513
23000 75.0884
23100 74.8394
23200 74.8471
23300 74.8929
23400 75.3169
23500 75.6683
23600 76.0539
23700 76.6601
23800 77.2971
23900 77.708
24000 77.8924
24100 78.1631
24200 78.8607
24300 79.7048
24400 79.8324
24500 80.0691
24600 80.1639
24700 80.5532
24800 80.8551
24900 80.5534
25000 80.5079
25100 79.9646
25200 79.7035
25300 79.6536
25400 79.6959
25500 80.2014
25600 80.8563
25700 81.2571
25800 81.4273
25900 81.678
26000 82.1409
26100 82.1358
26200 82.224
26300 82.7733
26400 83.1908
26500 83.6073
26600 83.7362
26700 83.6403
26800 83.527
26900 83.5233
27000 83.6522
27100 83.6988
27200 83.7485
27300 83.9287
27400 83.9925
27500 84.3707
27600 85.0157
27700 85.4978
27800 85.9978
27900 86.1458
28000 86.1708
28100 86.2912
28200 86.6286
28300 87.5889
28400 88.0506
28500 88.2739
28600 88.4074
28700 88.7254
28800 88.846
28900 89.1565
29000 88.9891
29100 88.5813
29200 88.364
29300 88.371
29400 88.3177
29500 88.1461
29600 87.976
29700 87.9695
29800 87.801
29900 87.5023
30000 87.7021
30100 87.8729
30200 87.9647
30300 87.7583
30400 87.2069
30500 87.6476
30600 88.4969
30700 89.5301
30800 90.2283
30900 90.7402
31000 91.1896
31100 91.4012
31200 91.4388
31300 91.6615
31400 91.9426
31500 91.8974
31600 92.0841
31700 92.1995
31800 93.3432
31900 93.8573
32000 94.3165
32100 94.7384
32200 95.3709
32300 96.0395
32400 96.4747
32500 96.4703
32600 96.1951
32700 96.1335
32800 95.93
32900 96.2403
33000 96.3821
33100 96.7048
33200 97.1748
33300 97.7418
33400 98.3185
33500 99.0958
33600 99.6199
33700 99.8502
33800 100.324
33900 101.282
34000 101.889
34100 102.343
34200 103.007
34300 103.549
34400 103.581
34500 103.64
34600 103.597
34700 103.451
34800 103.821
34900 104.202
35000 104.443
35100 104.729
35200 105.507
35300 105.978
35400 106.307
35500 106.915
35600 107.27
35700 107.784
35800 108.274
35900 109.106
36000 109.628
36100 110.197
36200 110.13
36300 110.317
36400 110.9
36500 111.113
36600 111.396
36700 111.981
36800 112.409
36900 112.468
37000 112.355
37100 111.957
37200 112.062
37300 111.918
37400 111.651
37500 111.736
37600 112.334
37700 112.293
37800 112.27
37900 112.135
38000 112.386
38100 112.535
38200 112.414
38300 112.272
38400 112.324
38500 112.664
38600 112.583
38700 112.697
38800 112.76
38900 112.769
39000 112.908
39100 112.119
39200 111.142
39300 110.348
39400 109.938
39500 110.863
39600 112.189
39700 113.64
39800 114.547
39900 115.544
40000 116.457
40100 117.017
40200 118.143
40300 118.628
40400 118.16
40500 117.955
40600 117.447
40700 116.882
40800 116.057
40900 115.553
41000 115.165
41100 114.559
41200 114.341
41300 114.459
41400 114.29
41500 113.884
41600 113.748
41700 113.574
41800 113.763
41900 113.775
42000 114.167
42100 114.537
42200 114.915
42300 115.709
42400 116.114
42500 116
42600 116.537
42700 117.25
42800 117.588
42900 117.424
43000 117.054
43100 116.775
43200 116.582
43300 116.815
43400 117.727
43500 118.383
43600 119.214
43700 119.792
43800 119.895
43900 120.195
44000 120.022
44100 119.561
44200 119.518
44300 119.696
44400 119.322
44500 119.02
44600 118.679
44700 118.523
44800 118.545
44900 118.752
45000 118.987
45100 118.839
45200 118.773
45300 118.869
45400 119.299
45500 119.858
45600 120.058
45700 120.589
45800 120.493
45900 120.798
46000 121.09
46100 121.877
46200 122.618
46300 122.837
46400 122.936
46500 123.11
46600 123.076
46700 122.999
46800 122.987
46900 122.715
47000 122.275
47100 121.909
47200 121.807
47300 122.281
47400 122.564
47500 122.895
47600 123.158
47700 123.824
47800 125.147
47900 125.849
48000 126.145
48100 126.291
48200 126.561
48300 126.684
48400 126.711
48500 126.978
48600 127.064
48700 126.73
48800 126.517
48900 126.304
49000 126.302
49100 125.74
49200 125.541
49300 125.437
49400 125.976
49500 126.511
49600 127.585
49700 128.241
49800 128.651
49900 128.972
50000 129.453
50100 130.103
50200 131.041
50300 131.981
50400 133.221
50500 133.927
50600 134.567
50700 135.033
50800 135.247
50900 135.435
51000 135.334
51100 135.448
51200 135.417
51300 135.574
51400 135.48
51500 135.622
51600 135.877
51700 136.173
51800 134.978
51900 133.985
52000 133.873
52100 133.729
52200 133.651
52300 134.333
52400 135.373
52500 135.739
52600 135.311
52700 134.877
52800 134.386
52900 134.125
53000 133.984
53100 134.208
53200 134.364
53300 134.666
53400 135.035
53500 135.78
53600 136.321
53700 136.267
53800 136.541
53900 136.596
54000 136.286
54100 136.411
54200 136.716
54300 136.713
54400 137.286
54500 137.357
54600 137.561
54700 137.204
54800 136.924
54900 136.711
55000 137.098
55100 137.445
55200 137.484
55300 137.636
55400 137.808
55500 138.172
55600 138.605
55700 139.121
55800 139.689
55900 139.862
56000 139.894
56100 140.132
56200 140.102
56300 139.786
56400 139.891
56500 140.96
56600 142.585
56700 143.833
56800 144.55
56900 144.579
57000 144.26
57100 144.155
57200 144.213
57300 144.604
57400 145.669
57500 147.649
57600 149.359
57700 150.623
57800 151.449
57900 151.65
58000 151.446
58100 151.934
58200 152.875
58300 153.337
58400 153.367
58500 153.441
58600 153.708
58700 154.178
58800 154.206
58900 153.784
59000 153.736
59100 154.036
59200 153.997
59300 153.282
59400 152.888
59500 152.573
59600 152.174
59700 152.42
59800 152.412
59900 152.421
60000 152.208
60100 151.882
60200 151.442
60300 151.866
60400 152.736
60500 153.606
60600 153.941
60700 154.21
60800 154.713
60900 154.599
61000 154.703
61100 155.326
61200 156.136
61300 157.304
61400 158.147
61500 158.361
61600 159.038
61700 159.948
61800 160.501
61900 161.494
62000 162.613
62100 164.289
62200 165.136
62300 165.781
62400 165.969
62500 165.693
62600 165.455
62700 166.156
62800 166.659
62900 167.381
63000 167.908
63100 167.378
63200 166.756
63300 167.21
63400 167.553
63500 167.538
63600 168.001
63700 168.142
63800 169.048
63900 169.145
64000 169.286
64100 170.039
64200 170.53
64300 171.132
64400 172.283
64500 173.215
64600 173.775
64700 173.857
64800 173.787
64900 173.909
65000 174.163
65100 174.541
65200 175.032
65300 175.597
65400 176.619
65500 177.84
65600 178.604
65700 178.98
65800 179.914
65900 179.488
66000 178.78
66100 178.376
66200 177.881
66300 177.714
66400 178.106
66500 178.858
66600 179.405
66700 179.878
66800 180.341
66900 181.071
67000 182.283
67100 183.289
67200 183.43
67300 183.686
67400 183.647
67500 183.702
67600 184.308
67700 185.328
67800 185.401
67900 184.787
68000 184.376
68100 184.524
68200 184.893
68300 185.707
68400 186.031
68500 186.66
68600 186.546
68700 186.203
68800 186.277
68900 185.998
69000 184.961
69100 183.613
69200 182.373
69300 181.736
69400 181.184
69500 181.078
69600 180.505
69700 180.18
69800 180.231
69900 180.457
70000 180.632
70100 181.016
70200 181.256
70300 181.263
70400 181.228
70500 180.659
70600 180.175
70700 180.183
70800 180.865
70900 181.73
71000 182.243
71100 182.053
71200 182.146
71300 182.305
71400 181.953
71500 181.906
71600 182.762
71700 182.981
71800 182.221
71900 181.142
72000 181.011
72100 180.606
72200 180.289
72300 179.685
72400 178.418
72500 177.854
72600 177.655
72700 177.638
72800 178.128
72900 178.419
73000 178.482
73100 178.487
73200 178.314
73300 177.972
73400 178.265
73500 179.269
73600 179.744
73700 180.458
73800 180.872
73900 180.809
74000 181.384
74100 181.884
74200 181.812
74300 180.934
74400 180.224
74500 179.725
74600 180.26
74700 180.725
74800 180.766
74900 180.712
75000 180.983
75100 181.095
75200 181.407
75300 181.591
75400 181.452
75500 180.935
75600 181.362
75700 181.614
75800 181.265
75900 180.947
76000 180.971
76100 181.435
76200 182.307
76300 183.128
76400 183.786
76500 184.446
76600 185.391
76700 186.239
76800 186.828
76900 187.176
77000 187.687
77100 188.618
77200 188.481
77300 188.358
77400 188.378
77500 187.998
77600 188.259
77700 189.202
77800 190.193
77900 190.781
78000 190.718
78100 190.726
78200 191.018
78300 191.743
78400 192.571
78500 194.181
78600 194.89
78700 195.224
78800 195.429
78900 195.575
79000 194.799
79100 194.157
79200 193.063
79300 192.404
79400 191.74
79500 191.972
79600 192.055
79700 192.026
79800 191.46
79900 190.944
80000 191.29
80100 191.224
80200 191.665
80300 191.766
80400 192.658
80500 193.34
80600 193.645
80700 193.806
80800 194.791
80900 195.859
81000 196.551
81100 197.414
81200 198.44
81300 199.49
81400 199.601
81500 199.805
81600 199.991
81700 200.041
81800 200.612
81900 200.701
82000 201.23
82100 201.901
82200 202.289
82300 202.344
82400 203.232
82500 203.649
82600 203.953
82700 203.928
82800 204.207
82900 204.389
83000 204.566
83100 204.297
83200 204.292
83300 204.59
83400 204.75
83500 204.568
83600 204.338
83700 203.888
83800 204.599
83900 206.396
84000 207.273
84100 207.798
84200 208.57
84300 208.708
84400 209.329
84500 209.855
84600 210.291
84700 210.291
84800 210.766
84900 211.186
85000 211.824
85100 211.96
85200 211.864
85300 211.039
85400 210.744
85500 210.564
85600 209.924
85700 210.13
85800 210.413
85900 210.617
86000 211.325
86100 212.386
86200 213.378
86300 214.658
86400 215.073
86500 215.591
86600 215.971
86700 216.433
86800 216.931
86900 217.595
87000 217.957
87100 218.028
87200 219.071
87300 220.56
87400 221.136
87500 221.958
87600 222.63
87700 223.918
87800 224.284
87900 225.092
88000 226.361
88100 228.341
88200 230.355
88300 231.872
88400 232.51
88500 232.693
88600 232.256
88700 232.125
88800 231.926
88900 232.17
89000 232.379
89100 232.095
89200 232.207
89300 232.636
89400 233.062
89500 234.28
89600 235.495
89700 235.993
89800 236.79
89900 236.66
90000 236.363
90100 236.863
90200 237.64
90300 238.219
90400 238.057
90500 238.058
90600 238.722
90700 240.008
90800 240.582
90900 239.519
91000 238.913
91100 238.937
91200 238.907
91300 238.972
91400 239.659
91500 241.099
91600 241.437
91700 241.087
91800 240.511
91900 240.208
92000 240.508
92100 240.855
92200 240.889
92300 241.339
92400 242.315
92500 243.448
92600 243.461
92700 243.839
92800 243.539
92900 243.717
93000 244.883
93100 245.675
93200 246.193
93300 246.046
93400 245.675
93500 245.391
93600 245.076
93700 244.964
93800 244.14
93900 244.055
94000 244.22
94100 244.193
94200 245.061
94300 245.425
94400 245.929
94500 245.989
94600 246.17
94700 246.453
94800 247.034
94900 247.036
95000 246.605
95100 247.149
95200 247.753
95300 247.564
95400 247.658
95500 248.354
95600 248.621
95700 249.052
95800 248.825
95900 249.129
96000 250.047
96100 250.099
96200 249.809
96300 250.077
96400 252.671
96500 255.013
96600 256.202
96700 255.779
96800 255.843
96900 255.757
97000 255.867
97100 256.656
97200 257.226
97300 257.123
97400 257.352
97500 258.339
97600 259.059
97700 258.744
97800 258.626
97900 258.365
98000 258.091
98100 257.206
98200 256.903
98300 257.236
98400 257.134
98500 256.24
98600 256.511
98700 256.067
98800 255.407
98900 255.077
99000 255.299
99100 256.092
99200 257.144
99300 257.871
99400 258.406
99500 258.271
99600 258.026
99700 258.157
99800 258.892
99900 259.348
100000 259.671
