# Time-averaged data for fix msd_avg_all
# TimeStep c_msd_all[4]
0 1.62571e-29
100 0.633391
200 1.46034
300 2.18625
400 2.86131
500 3.57584
600 4.15721
700 4.81002
800 5.31508
900 5.68028
1000 6.17292
1100 6.66579
1200 7.08257
1300 7.57077
1400 8.04843
1500 8.65984
1600 9.00401
1700 9.30676
1800 9.61216
1900 10.1147
2000 10.7199
2100 11.2948
2200 11.9342
2300 12.5024
2400 13.1068
2500 13.7862
2600 14.5524
2700 14.975
2800 15.3984
2900 15.834
3000 16.2075
3100 16.6023
3200 17.136
3300 17.6815
3400 18.1019
3500 18.4284
3600 18.7822
3700 19.1462
3800 19.4414
3900 19.8572
4000 20.3166
4100 20.4509
4200 20.5558
4300 20.6686
4400 20.6717
4500 20.608
4600 20.6885
4700 21.0532
4800 21.4295
4900 21.9591
5000 22.5734
5100 23.1461
5200 23.9069
5300 24.4378
5400 24.9182
5500 25.2029
5600 25.483
5700 25.8079
5800 26.2035
5900 26.66
6000 26.9815
6100 27.282
6200 27.6844
6300 27.927
6400 28.3995
6500 28.9549
6600 29.4021
6700 29.6311
6800 30.0272
6900 30.3403
7000 30.8502
7100 31.3697
7200 31.7738
7300 32.0519
7400 32.4346
7500 32.8546
7600 33.1894
7700 33.4463
7800 33.914
7900 34.7118
8000 35.3862
8100 35.8401
8200 36.109
8300 36.3743
8400 36.7179
8500 37.0032
8600 37.4816
8700 37.9923
8800 38.0904
8900 38.2122
9000 38.3459
9100 38.2919
9200 38.3985
9300 38.5988
9400 38.9006
9500 39.2023
9600 39.3738
9700 39.832
9800 40.3136
9900 40.489
10000 40.628
10100 40.8978
10200 41.1409
10300 41.8042
10400 42.0347
10500 42.0528
10600 42.2373
10700 42.5084
10800 42.888
10900 43.0582
11000 43.2771
11100 43.0754
11200 43.0139
11300 43.0367
11400 42.9911
11500 43.1501
11600 43.2035
11700 43.2203
11800 43.3386
11900 43.4714
12000 43.5142
12100 43.7969
12200 44.1034
12300 44.2496
12400 44.4553
12500 44.6944
12600 44.9833
12700 45.22
12800 45.4049
12900 45.1919
13000 45.0665
13100 45.3046
13200 45.6294
13300 45.9165
13400 46.2451
13500 46.6463
13600 46.976
13700 47.4571
13800 47.8769
13900 48.3242
14000 48.6888
14100 49.0241
14200 49.3495
14300 49.5695
14400 49.917
14500 50.1676
14600 50.8379
14700 51.5718
14800 52.2493
14900 52.9323
15000 53.4642
15100 53.987
15200 54.4284
15300 54.9362
15400 55.0547
15500 54.9561
15600 55.1828
15700 55.289
15800 55.3315
15900 55.6806
16000 56.1899
16100 56.6827
16200 56.9227
16300 57.0358
16400 56.8798
16500 56.6601
16600 56.5744
16700 56.6941
16800 57.362
16900 57.8985
17000 58.4807
17100 58.7635
17200 58.9071
17300 59.0121
17400 59.2702
17500 59.6045
17600 59.766
17700 60.202
17800 60.7167
17900 60.8569
18000 60.8914
18100 60.9528
18200 61.1684
18300 61.754
18400 61.8709
18500 61.8934
18600 62.0249
18700 62.4743
18800 62.7534
18900 63.2882
19000 63.9849
19100 64.4896
19200 64.9926
19300 65.5007
19400 65.7887
19500 65.7506
19600 65.7959
19700 65.9114
19800 65.9996
19900 66.4633
20000 67.3301
20100 68.3626
20200 68.9996
20300 69.4121
20400 69.5431
20500 70.2148
20600 70.3457
20700 70.3537
20800 70.5314
20900 70.3634
21000 70.3102
21100 70.3561
21200 70.2452
21300 70.2544
21400 70.4673
21500 70.7246
21600 71.1027
21700 71.3754
21800 71.2686
21900 71.3841
22000 71.4321
22100 71.4601
22200 71.8986
22300 72.4121
22400 72.8661
22500 72.9497
22600 73.1015
22700 73.7001
22800 74.4874
22900 74.9396
23000 75.0362
23100 75.3523
23200 75.4495
23300 75.6224
23400 75.8781
23500 76.1006
23600 76.9052
23700 77.228
23800 77.4952
23900 77.7325
24000 77.7249
24100 78.0186
24200 78.7016
24300 79.7837
24400 80.7699
24500 81.0118
24600 80.8007
24700 80.4074
24800 80.2118
24900 79.8923
25000 79.5917
25100 79.8326
25200 80.6429
25300 81.4944
25400 81.8546
25500 81.8673
25600 81.7423
25700 82.0953
25800 82.9559
25900 84.0044
26000 85.0775
26100 86.1268
26200 86.7966
26300 87.4492
26400 88.2027
26500 88.6562
26600 89.0175
26700 89.5297
26800 90.1142
26900 90.8293
27000 91.3248
27100 92.0131
27200 92.8153
27300 93.4332
27400 93.8603
27500 94.2699
27600 94.7435
27700 95.285
27800 96.5747
27900 97.433
28000 98.3088
28100 99.0824
28200 99.2618
28300 99.7044
28400 100.103
28500 99.7608
28600 99.2547
28700 98.7159
28800 98.3199
28900 98.4387
29000 98.2744
29100 97.8561
29200 97.6973
29300 97.3062
29400 96.773
29500 96.6476
29600 96.6614
29700 96.6951
29800 96.6966
29900 97.1014
30000 97.2386
30100 97.4883
30200 97.4167
30300 97.1491
30400 96.6882
30500 97.0004
30600 97.4341
30700 97.9621
30800 98.3019
30900 98.954
31000 99.0604
31100 99.6216
31200 100.431
31300 100.936
31400 101.595
31500 102.323
31600 102.807
31700 102.81
31800 102.75
31900 102.552
32000 102.543
32100 103.122
32200 103.938
32300 104.097
32400 104.088
32500 104.259
32600 104.745
32700 105.018
32800 105.83
32900 106.81
33000 107.75
33100 108.487
33200 109.731
33300 110.656
33400 111.579
33500 112.136
33600 111.952
33700 111.979
33800 112.076
33900 112.428
34000 113.411
34100 114.462
34200 114.997
34300 115.685
34400 116.268
34500 116.646
34600 117.081
34700 117.214
34800 117.092
34900 117.15
35000 117.332
35100 117.621
35200 117.639
35300 117.662
35400 117.53
35500 117.53
35600 117.626
35700 117.558
35800 117.469
35900 117.282
36000 117.222
36100 117.636
36200 117.974
36300 117.878
36400 118.163
36500 118.644
36600 119.167
36700 119.525
36800 120.379
36900 121.159
37000 122.085
37100 122.573
37200 122.895
37300 123.343
37400 124.679
37500 125.362
37600 125.34
37700 125.776
37800 126.607
37900 127.442
38000 128.168
38100 129.227
38200 129.66
38300 129.475
38400 128.639
38500 128.294
38600 127.55
38700 127.056
38800 127.002
38900 127.041
39000 127.169
39100 127.798
39200 128.089
39300 128.376
39400 128.691
39500 129.073
39600 129.23
39700 129.6
39800 129.935
39900 129.658
40000 129.851
40100 130.615
40200 131.208
40300 131.561
40400 132.303
40500 132.549
40600 132.754
40700 133.166
40800 133.632
40900 134.269
41000 134.028
41100 133.883
41200 134.093
41300 134.13
41400 134.135
41500 134.509
41600 134.783
41700 135.246
41800 135.823
41900 136.337
42000 136.424
42100 136.696
42200 137.039
42300 137.548
42400 138.082
42500 138.909
42600 139.645
42700 139.551
42800 139.38
42900 139.176
43000 138.85
43100 139.427
43200 140.299
43300 141.019
43400 141.347
43500 141.811
43600 142.172
43700 141.878
43800 141.21
43900 140.363
44000 139.756
44100 138.862
44200 138.512
44300 138.072
44400 137.826
44500 137.206
44600 136.897
44700 137.513
44800 138.351
44900 138.916
45000 139.399
45100 140.262
45200 140.699
45300 141.145
45400 141.267
45500 141.185
45600 141.42
45700 141.915
45800 142.848
45900 143.618
46000 143.164
46100 142.935
46200 142.757
46300 142.249
46400 141.895
46500 142.129
46600 142.163
46700 142.098
46800 142.018
46900 142.332
47000 142.905
47100 142.974
47200 143.757
47300 144.47
47400 144.419
47500 144.397
47600 144.25
47700 144.198
47800 144.598
47900 144.799
48000 144.803
48100 145.006
48200 145.503
48300 146.131
48400 146.809
48500 147.274
48600 147.708
48700 147.553
48800 146.981
48900 146.348
49000 145.21
49100 144.482
49200 144.073
49300 144.116
49400 144.43
49500 144.986
49600 145.028
49700 144.969
49800 144.772
49900 144.478
50000 144.052
50100 144.041
50200 144.105
50300 144.721
50400 144.995
50500 145.306
50600 145.592
50700 146.035
50800 146.344
50900 146.918
51000 147.365
51100 147.923
51200 148.656
51300 149.378
51400 149.577
51500 149.45
51600 150.008
51700 150.276
51800 150.742
51900 151.063
52000 151.575
52100 152.066
52200 152.027
52300 151.935
52400 151.681
52500 151.126
52600 151.176
52700 151.583
52800 151.916
52900 152.457
53000 153.049
53100 153.462
53200 154.751
53300 155.846
53400 156.06
53500 155.631
53600 155.424
53700 155.973
53800 156.813
53900 157.574
54000 158.472
54100 158.411
54200 158.522
54300 159.171
54400 159.54
54500 159.275
54600 158.784
54700 158.57
54800 158.571
54900 158.222
55000 157.993
55100 158.042
55200 158.734
55300 159.92
55400 160.196
55500 160.126
55600 160.346
55700 160.779
55800 161.562
55900 162.317
56000 162.182
56100 162.037
56200 162.109
56300 162.307
56400 161.995
56500 161.888
56600 161.547
56700 161.075
56800 160.741
56900 160.927
57000 161.028
57100 161.029
57200 161.325
57300 161.639
57400 161.974
57500 162.617
57600 163.162
57700 164.048
57800 165.428
57900 166.703
58000 167.588
58100 168.141
58200 167.878
58300 168.069
58400 168.597
58500 170.313
58600 172.339
58700 173.502
58800 173.872
58900 173.721
59000 174.098
59100 174.508
59200 174.394
59300 174.229
59400 174.497
59500 174.353
59600 174.712
59700 175.039
59800 175.21
59900 175.395
60000 175.496
60100 174.892
60200 174.501
60300 175.16
60400 175.24
60500 175.59
60600 176.013
60700 176.137
60800 176.031
60900 175.872
61000 176.182
61100 176.616
61200 176.718
61300 176.331
61400 176.073
61500 176.185
61600 176.352
61700 176.744
61800 177.178
61900 177.485
62000 177.229
62100 177.31
62200 177.592
62300 178.226
62400 178.351
62500 178.433
62600 178.892
62700 178.94
62800 178.947
62900 178.967
63000 179.365
63100 179.984
63200 179.98
63300 179.666
63400 179.782
63500 180.017
63600 179.73
63700 179.443
63800 179.535
63900 179.608
64000 179.808
64100 179.858
64200 179.603
64300 179.213
64400 178.543
64500 178.165
64600 178.113
64700 178.569
64800 178.75
64900 178.735
65000 178.943
65100 179.053
65200 179.019
65300 179.759
65400 180.628
65500 181.571
65600 182.855
65700 184.04
65800 184.545
65900 184.925
66000 185.627
66100 186.625
66200 187.328
66300 187.71
66400 187.773
66500 187.888
66600 187.777
66700 187.327
66800 187.356
66900 187.975
67000 188.486
67100 188.439
67200 187.674
67300 186.76
67400 186.606
67500 187.115
67600 187.593
67700 186.933
67800 185.883
67900 185.394
68000 184.927
68100 184.255
68200 183.437
68300 183.579
68400 183.549
68500 183.384
68600 183.356
68700 182.995
68800 183.924
68900 185.047
69000 185.68
69100 186.169
69200 186.826
69300 187.896
69400 188.914
69500 190.189
69600 190.466
69700 190.639
69800 191.117
69900 192.196
70000 192.672
70100 192.398
70200 192.206
70300 192.252
70400 192.323
70500 192.65
70600 192.616
70700 192.062
70800 192.342
70900 193.143
71000 193.914
71100 195.03
71200 195.726
71300 196.418
71400 197.73
71500 199.289
71600 199.825
71700 200.058
71800 200.143
71900 199.871
72000 199.555
72100 199.202
72200 199.284
72300 199.807
72400 200.291
72500 201.584
72600 202.717
72700 202.527
72800 202.742
72900 203.541
73000 203.28
73100 202.529
73200 201.677
73300 201.632
73400 201.653
73500 201.412
73600 199.965
73700 199.143
73800 198.322
73900 197.78
74000 196.895
74100 196.204
74200 196.63
74300 197.121
74400 197.003
74500 196.38
74600 195.697
74700 194.523
74800 195.027
74900 195.44
75000 195.44
75100 194.898
75200 194.906
75300 194.961
75400 195.163
75500 196.019
75600 197.38
75700 198.086
75800 198.348
75900 198.27
76000 198.537
76100 198.786
76200 198.368
76300 198.419
76400 198.541
76500 198.866
76600 199.036
76700 199.099
76800 199.64
76900 199.567
77000 200.03
77100 200.452
77200 200.704
77300 201.033
77400 202.117
77500 203.236
77600 204.556
77700 206.053
77800 207.149
77900 206.516
78000 205.764
78100 204.796
78200 204.954
78300 204.865
78400 204.533
78500 203.972
78600 203.884
78700 204.659
78800 204.982
78900 204.964
79000 203.812
79100 202.587
79200 201.781
79300 202.407
79400 203.119
79500 203.988
79600 203.872
79700 203.465
79800 203.324
79900 203.933
80000 204.004
80100 203.522
80200 203.037
80300 203.33
80400 203.983
80500 204.083
80600 204.578
80700 205.585
80800 206.636
80900 208.036
81000 209.134
81100 209.744
81200 210.945
81300 211.864
81400 212.145
81500 211.903
81600 211.711
81700 211.617
81800 211.711
81900 211.949
82000 212.504
82100 213.099
82200 213.829
82300 214.439
82400 214.989
82500 214.887
82600 215.144
82700 214.803
82800 214.669
82900 214.976
83000 215.034
83100 215.393
83200 216.206
83300 216.309
83400 216.775
83500 215.727
83600 214.774
83700 213.588
83800 213.352
83900 212.985
84000 213.084
84100 213.346
84200 213.537
84300 214.396
84400 214.966
84500 215.2
84600 215.127
84700 215.23
84800 215.493
84900 216.024
85000 216.539
85100 217.102
85200 217.982
85300 218.564
85400 218.358
85500 218.787
85600 219.285
85700 220.43
85800 221.567
85900 222.201
86000 222.469
86100 222.591
86200 222.53
86300 221.922
86400 221.344
86500 221.562
86600 222.138
86700 222.156
86800 222.118
86900 222.162
87000 222.686
87100 223.423
87200 223.765
87300 223.335
87400 223.096
87500 222.861
87600 222.559
87700 223.31
87800 224.301
87900 224.548
88000 223.979
88100 224.081
88200 224.239
88300 224.943
88400 226.049
88500 227.164
88600 227.077
88700 226.634
88800 226.296
88900 225.641
89000 225.013
89100 224.352
89200 223.709
89300 223.854
89400 224.585
89500 224.527
89600 224.064
89700 224.096
89800 223.432
89900 223.684
90000 224.161
90100 223.903
90200 224.295
90300 224.949
90400 225.962
90500 227.499
90600 229.01
90700 230.261
90800 231.513
90900 231.844
91000 231.744
91100 231.73
91200 231.407
91300 231.817
91400 232.119
91500 232.183
91600 232.524
91700 232.917
91800 232.78
91900 233.17
92000 233.892
92100 234.948
92200 235.892
92300 236.655
92400 237.186
92500 238.236
92600 239.192
92700 239.269
92800 239.381
92900 239.419
93000 239.129
93100 239.928
93200 240.534
93300 241.291
93400 241.98
93500 242.823
93600 243.52
93700 244.136
93800 244.163
93900 245.312
94000 246.368
94100 246.897
94200 246.343
94300 245.949
94400 246.363
94500 246.374
94600 246.79
94700 246.882
94800 246.73
94900 247.716
95000 247.977
95100 248.432
95200 248.26
95300 247.595
95400 246.778
95500 246.686
95600 246.748
95700 247.406
95800 247.455
95900 246.932
96000 246.771
96100 247.191
96200 247.718
96300 248.587
96400 249.134
96500 248.822
96600 249.098
96700 249.735
96800 249.262
96900 248.884
97000 248.375
97100 248.094
97200 247.156
97300 246.043
97400 245.926
97500 246.445
97600 246.949
97700 247.676
97800 247.29
97900 246.652
98000 246.548
98100 246.52
98200 246.456
98300 246.439
98400 246.507
98500 246.725
98600 246.988
98700 246.437
98800 246.044
98900 246.375
99000 246.947
99100 247.179
99200 246.826
99300 246.61
99400 246.292
99500 246.687
99600 247.362
99700 248.36
99800 249.041
99900 249.72
100000 250.66
