# Time-averaged data for fix msd_avg_all
# TimeStep c_msd_all[4]
0 6.31089e-29
100 0.1947
200 0.41159
300 0.611289
400 0.817335
500 1.00844
600 1.19524
700 1.38181
800 1.52933
900 1.68429
1000 1.8235
1100 1.94039
1200 2.02658
1300 2.14657
1400 2.25788
1500 2.36354
1600 2.47356
1700 2.6047
1800 2.70874
1900 2.83158
2000 2.94485
2100 3.03748
2200 3.12881
2300 3.23317
2400 3.31341
2500 3.40681
2600 3.51224
2700 3.61356
2800 3.69056
2900 3.7808
3000 3.83662
3100 3.94885
3200 4.0338
3300 4.09141
3400 4.19729
3500 4.24467
3600 4.27409
3700 4.3515
3800 4.44225
3900 4.52989
4000 4.62237
4100 4.7487
4200 4.88808
4300 5.06893
4400 5.24757
4500 5.35303
4600 5.49446
4700 5.62046
4800 5.76049
4900 5.92843
5000 6.00507
5100 6.11085
5200 6.21345
5300 6.33603
5400 6.44111
5500 6.56524
5600 6.68384
5700 6.79819
5800 6.89782
5900 7.01732
6000 7.14384
6100 7.26878
6200 7.36771
6300 7.48663
6400 7.64214
6500 7.78261
6600 7.95707
6700 8.06708
6800 8.13312
6900 8.25169
7000 8.34857
7100 8.44718
7200 8.57508
7300 8.64752
7400 8.73202
7500 8.84714
7600 8.95302
7700 9.05566
7800 9.13208
7900 9.26454
8000 9.41323
8100 9.5894
8200 9.73714
8300 9.85005
8400 9.98829
8500 10.1179
8600 10.2844
8700 10.4184
8800 10.6382
8900 10.8258
9000 10.9693
9100 11.1095
9200 11.3065
9300 11.4749
9400 11.5859
9500 11.7184
9600 11.8252
9700 12.0044
9800 12.1548
9900 12.2844
10000 12.3789
10100 12.4881
10200 12.6173
10300 12.7692
10400 12.9525
10500 13.1425
10600 13.3332
10700 13.4406
10800 13.5229
10900 13.6763
11000 13.8292
11100 13.9305
11200 14.0775
11300 14.2204
11400 14.362
11500 14.5101
11600 14.6551
11700 14.7341
11800 14.839
11900 14.9178
12000 14.987
12100 15.0611
12200 15.1737
12300 15.2831
12400 15.4071
12500 15.4995
12600 15.6207
12700 15.7628
12800 15.9405
12900 16.0777
13000 16.1833
13100 16.2458
13200 16.3384
13300 16.5287
13400 16.6713
13500 16.7637
13600 16.8895
13700 16.9979
13800 17.0462
13900 17.1135
14000 17.1738
14100 17.2324
14200 17.2773
14300 17.3586
14400 17.4299
14500 17.4601
14600 17.4414
14700 17.5014
14800 17.5378
14900 17.5963
15000 17.6337
15100 17.6826
15200 17.7488
15300 17.8229
15400 17.8901
15500 17.968
15600 18.0845
15700 18.168
15800 18.2055
15900 18.2112
16000 18.2535
16100 18.4096
16200 18.4987
16300 18.5955
16400 18.7517
16500 18.8738
16600 18.958
16700 19.0304
16800 19.1539
16900 19.2485
17000 19.3085
17100 19.4423
17200 19.5646
17300 19.65
17400 19.7456
17500 19.866
17600 19.9234
17700 19.9461
17800 19.9803
17900 20.0497
18000 20.1373
18100 20.2204
18200 20.2323
18300 20.2915
18400 20.3818
18500 20.4891
18600 20.5336
18700 20.5339
18800 20.6505
18900 20.8096
19000 20.9017
19100 20.9638
19200 21.0807
19300 21.175
19400 21.3477
19500 21.5002
19600 21.6162
19700 21.6925
19800 21.8075
19900 21.9254
20000 22.0293
20100 22.134
20200 22.3343
20300 22.492
20400 22.6415
20500 22.824
20600 22.8733
20700 22.9717
20800 23.0957
20900 23.2315
21000 23.3131
21100 23.4278
21200 23.5726
21300 23.6976
21400 23.7948
21500 23.8117
21600 23.8904
21700 24.0119
21800 24.0874
21900 24.1592
22000 24.2449
22100 24.299
22200 24.3471
22300 24.4209
22400 24.4109
22500 24.4896
22600 24.5434
22700 24.5793
22800 24.5921
22900 24.6419
23000 24.7072
23100 24.6831
23200 24.6252
23300 24.6063
23400 24.5616
23500 24.6065
23600 24.593
23700 24.549
23800 24.6257
23900 24.6456
24000 24.7585
24100 24.8501
24200 24.9342
24300 24.938
24400 24.9713
24500 24.9472
24600 24.9915
24700 25.0626
24800 25.0424
24900 24.9303
25000 24.937
25100 24.933
25200 24.9278
25300 24.9127
25400 24.8545
25500 24.9086
25600 24.9843
25700 25.003
25800 25.1016
25900 25.103
26000 25.078
26100 25.08
26200 25.0283
26300 25.0013
26400 25.0083
26500 24.9599
26600 24.9678
26700 25.038
26800 25.0822
26900 25.1287
27000 25.1496
27100 25.1236
27200 25.1368
27300 25.1684
27400 25.1201
27500 25.0668
27600 25.0439
27700 25.1134
27800 25.2005
27900 25.2497
28000 25.2679
28100 25.287
28200 25.2219
28300 25.2091
28400 25.2093
28500 25.1634
28600 25.2216
28700 25.2595
28800 25.224
28900 25.2115
29000 25.2185
29100 25.2486
29200 25.2693
29300 25.2988
29400 25.3093
29500 25.3546
29600 25.3946
29700 25.4187
29800 25.4853
29900 25.5074
30000 25.4988
30100 25.4355
30200 25.3665
30300 25.3463
30400 25.4293
30500 25.5594
30600 25.7079
30700 25.7778
30800 25.7675
30900 25.7308
31000 25.747
31100 25.7752
31200 25.7677
31300 25.7783
31400 25.8442
31500 25.7766
31600 25.8168
31700 25.8128
31800 25.7614
31900 25.7056
32000 25.6543
32100 25.7068
32200 25.7998
32300 25.8003
32400 25.82
32500 25.7584
32600 25.6759
32700 25.6918
32800 25.6911
32900 25.6971
33000 25.7981
33100 25.8193
33200 25.8662
33300 25.8987
33400 25.8479
33500 25.7736
33600 25.6745
33700 25.5349
33800 25.4373
33900 25.3872
34000 25.2732
34100 25.1642
34200 25.1047
34300 25.0798
34400 25.0064
34500 24.8969
34600 24.8369
34700 24.7643
34800 24.752
34900 24.6494
35000 24.5861
35100 24.5789
35200 24.5857
35300 24.5845
35400 24.5592
35500 24.4931
35600 24.55
35700 24.4742
35800 24.3831
35900 24.3402
36000 24.2862
36100 24.2137
36200 24.0604
36300 23.9398
36400 23.9094
36500 23.9095
36600 23.945
36700 24.1177
36800 24.215
36900 24.1649
37000 24.1456
37100 24.0895
37200 24.143
37300 24.2681
37400 24.3022
37500 24.2467
37600 24.1868
37700 24.1089
37800 23.9782
37900 23.9126
38000 23.9413
38100 23.9227
38200 23.9137
38300 23.9264
38400 23.8441
38500 23.7791
38600 23.7255
38700 23.6552
38800 23.6613
38900 23.7159
39000 23.7173
39100 23.6718
39200 23.6925
39300 23.7215
39400 23.7693
39500 23.885
39600 23.932
39700 23.8822
39800 23.8525
39900 23.8386
40000 23.8278
40100 23.847
40200 23.8425
40300 23.8168
40400 23.7976
40500 23.7915
40600 23.7567
40700 23.7104
40800 23.7705
40900 23.8448
41000 23.9606
41100 24.0219
41200 24.0556
41300 24.0638
41400 24.039
41500 23.9969
41600 24.0159
41700 24.0265
41800 24.0879
41900 24.042
42000 23.9721
42100 23.9571
42200 24.0118
42300 24.1487
42400 24.1814
42500 24.1161
42600 24.0906
42700 24.1289
42800 24.1308
42900 24.1251
43000 24.1148
43100 24.1521
43200 24.1839
43300 24.2087
43400 24.2741
43500 24.3642
43600 24.397
43700 24.4052
43800 24.3507
43900 24.3457
44000 24.361
44100 24.5335
44200 24.6405
44300 24.7594
44400 24.8201
44500 24.8728
44600 24.7713
44700 24.7615
44800 24.7947
44900 24.8347
45000 24.8225
45100 24.8208
45200 24.7708
45300 24.7278
45400 24.7155
45500 24.661
45600 24.5901
45700 24.5985
45800 24.5912
45900 24.5241
46000 24.6213
46100 24.7691
46200 24.8261
46300 24.8413
46400 24.8137
46500 24.7995
46600 24.72
46700 24.7147
46800 24.7355
46900 24.7674
47000 24.8684
47100 24.9812
47200 25.0054
47300 24.8578
47400 24.8503
47500 24.9249
47600 25.0534
47700 25.2003
47800 25.293
47900 25.357
48000 25.3443
48100 25.3328
48200 25.3809
48300 25.3544
48400 25.3114
48500 25.3823
48600 25.3936
48700 25.4753
48800 25.4726
48900 25.4471
49000 25.536
49100 25.5522
49200 25.5852
49300 25.637
49400 25.7281
49500 25.7624
49600 25.847
49700 25.8961
49800 25.9466
49900 25.959
50000 25.883
50100 25.9654
50200 26.0395
50300 26.1702
50400 26.2942
50500 26.4049
50600 26.4909
50700 26.4898
50800 26.4977
50900 26.5352
51000 26.6115
51100 26.6954
51200 26.7435
51300 26.8216
51400 26.8615
51500 26.8587
51600 26.9324
51700 26.9747
51800 27.1428
51900 27.2296
52000 27.3728
52100 27.4803
52200 27.5088
52300 27.4979
52400 27.5761
52500 27.6073
52600 27.64
52700 27.8808
52800 28.022
52900 28.1103
53000 28.1408
53100 28.2234
53200 28.3069
53300 28.3563
53400 28.4015
53500 28.3748
53600 28.4417
53700 28.5276
53800 28.6616
53900 28.7323
54000 28.8931
54100 28.9079
54200 28.9307
54300 29.0238
54400 29.1436
54500 29.2479
54600 29.4227
54700 29.4615
54800 29.5884
54900 29.7186
55000 29.9351
55100 30.1689
55200 30.3155
55300 30.4068
55400 30.4606
55500 30.4636
55600 30.4427
55700 30.5175
55800 30.4946
55900 30.519
56000 30.49
56100 30.5569
56200 30.6404
56300 30.6661
56400 30.6689
56500 30.691
56600 30.7653
56700 30.7818
56800 30.8141
56900 30.8679
57000 30.9134
57100 31.0588
57200 31.2292
57300 31.3021
57400 31.4155
57500 31.5582
57600 31.6156
57700 31.7811
57800 32.0219
57900 32.2541
58000 32.474
58100 32.7068
58200 32.8484
58300 33.0288
58400 33.1125
58500 33.254
58600 33.3721
58700 33.4538
58800 33.5336
58900 33.6816
59000 33.8037
59100 33.9206
59200 34.0237
59300 34.1815
59400 34.3982
59500 34.5343
59600 34.6519
59700 34.7225
59800 34.8508
59900 34.9867
60000 35.1893
60100 35.3066
60200 35.4276
60300 35.503
60400 35.6489
60500 35.6122
60600 35.6409
60700 35.7942
60800 35.9268
60900 36.1177
61000 36.3268
61100 36.4653
61200 36.6289
61300 36.6705
61400 36.6732
61500 36.7679
61600 36.9045
61700 37.0925
61800 37.3501
61900 37.5664
62000 37.6691
62100 37.8311
62200 37.9789
62300 38.1627
62400 38.1835
62500 38.1908
62600 38.2981
62700 38.4142
62800 38.4872
62900 38.6082
63000 38.7254
63100 38.7762
63200 38.9616
63300 39.1956
63400 39.3935
63500 39.5675
63600 39.61
63700 39.6728
63800 39.7264
63900 39.9832
64000 40.1243
64100 40.2016
64200 40.3724
64300 40.5343
64400 40.7933
64500 41.0863
64600 41.2646
64700 41.3811
64800 41.5541
64900 41.6547
65000 41.8055
65100 41.9941
65200 42.1265
65300 42.3158
65400 42.4605
65500 42.5941
65600 42.6337
65700 42.6169
65800 42.704
65900 42.8481
66000 43.0886
66100 43.2938
66200 43.5033
66300 43.5919
66400 43.6938
66500 43.7467
66600 43.841
66700 43.9855
66800 44.1272
66900 44.2881
67000 44.4843
67100 44.6172
67200 44.7967
67300 44.8524
67400 44.9187
67500 45.0968
67600 45.3525
67700 45.5328
67800 45.7396
67900 46.0448
68000 46.41
68100 46.6387
68200 46.8856
68300 47.1214
68400 47.2872
68500 47.5253
68600 47.6881
68700 47.8351
68800 48.0175
68900 48.074
69000 48.207
69100 48.3385
69200 48.5187
69300 48.7115
69400 48.843
69500 48.9443
69600 49.1446
69700 49.4073
69800 49.6413
69900 49.9391
70000 50.0462
70100 50.0995
70200 50.2096
70300 50.3188
70400 50.4124
70500 50.656
70600 50.9352
70700 51.1549
70800 51.323
70900 51.4016
71000 51.4713
71100 51.7274
71200 51.9389
71300 52.1333
71400 52.3148
71500 52.5885
71600 52.7889
71700 52.9039
71800 53.0764
71900 53.2117
72000 53.4035
72100 53.5715
72200 53.6969
72300 53.7404
72400 53.8943
72500 54.0261
72600 54.2829
72700 54.4636
72800 54.7615
72900 54.8922
73000 55.1028
73100 55.1488
73200 55.1512
73300 55.2294
73400 55.3401
73500 55.3648
73600 55.405
73700 55.4441
73800 55.5205
73900 55.5835
74000 55.6322
74100 55.657
74200 55.6624
74300 55.7865
74400 55.8682
74500 55.9365
74600 55.9872
74700 56.0596
74800 56.1778
74900 56.3137
75000 56.3478
75100 56.3601
75200 56.3362
75300 56.3762
75400 56.542
75500 56.646
75600 56.6637
75700 56.7639
75800 56.8393
75900 56.9341
76000 56.9977
76100 56.8905
76200 56.9704
76300 57.0617
76400 57.0974
76500 57.0992
76600 57.078
76700 56.9369
76800 56.9196
76900 57.0192
77000 57.0912
77100 57.0877
77200 57.0427
77300 56.9262
77400 56.8571
77500 56.7628
77600 56.7943
77700 56.7378
77800 56.7475
77900 56.7165
78000 56.8343
78100 56.8802
78200 56.9124
78300 56.9319
78400 56.9984
78500 57.0094
78600 57.0352
78700 57.0218
78800 57.0703
78900 57.0552
79000 57.0332
79100 57.0041
79200 56.9358
79300 56.8982
79400 56.9049
79500 56.8352
79600 56.8958
79700 57.0468
79800 57.1241
79900 57.1776
80000 57.1248
80100 57.1136
80200 57.0264
80300 56.9849
80400 56.9533
80500 56.9603
80600 57.0173
80700 57.1101
80800 57.1066
80900 56.9463
81000 56.9925
81100 57.1134
81200 57.2142
81300 57.3172
81400 57.3513
81500 57.2326
81600 57.2394
81700 57.3191
81800 57.3551
81900 57.4872
82000 57.6949
82100 57.9136
82200 57.9841
82300 58.0513
82400 58.1992
82500 58.4151
82600 58.5752
82700 58.7182
82800 58.748
82900 58.7773
83000 58.9112
83100 58.9648
83200 59.0473
83300 59.2537
83400 59.4103
83500 59.5556
83600 59.5778
83700 59.668
83800 59.8491
83900 59.9821
84000 60.2849
84100 60.4698
84200 60.5436
84300 60.5498
84400 60.6844
84500 60.7541
84600 60.9445
84700 61.1553
84800 61.1985
84900 61.1648
85000 61.3055
85100 61.5046
85200 61.7569
85300 61.9765
85400 62.1835
85500 62.3286
85600 62.4434
85700 62.7097
85800 62.8545
85900 62.9169
86000 63.0544
86100 63.2184
86200 63.2409
86300 63.398
86400 63.6025
86500 63.7159
86600 63.9123
86700 64.1835
86800 64.4582
86900 64.6717
87000 64.8586
87100 65.0693
87200 65.3174
87300 65.5018
87400 65.6294
87500 65.7776
87600 65.7834
87700 65.8735
87800 66.0674
87900 66.1779
88000 66.3365
88100 66.6521
88200 66.9322
88300 67.1421
88400 67.0741
88500 66.9925
88600 67.1734
88700 67.4541
88800 67.7433
88900 67.9248
89000 67.9884
89100 67.9762
89200 67.8578
89300 67.9703
89400 68.2385
89500 68.475
89600 68.4873
89700 68.4485
89800 68.4018
89900 68.5141
90000 68.7232
90100 68.861
90200 68.8165
90300 68.9606
90400 69.1064
90500 69.2126
90600 69.4959
90700 69.7653
90800 69.9602
90900 70.0682
91000 70.2201
91100 70.3709
91200 70.5286
91300 70.7074
91400 70.9383
91500 70.9947
91600 71.1179
91700 71.3133
91800 71.4898
91900 71.7146
92000 71.8337
92100 71.8853
92200 72.0625
92300 72.1458
92400 72.2157
92500 72.2868
92600 72.3918
92700 72.4375
92800 72.6124
92900 72.706
93000 72.7835
93100 72.841
93200 72.954
93300 73.0335
93400 73.2286
93500 73.4168
93600 73.5913
93700 73.6944
93800 73.8932
93900 74.0154
94000 74.0184
94100 73.9927
94200 74.0175
94300 74.1656
94400 74.0879
94500 74.0471
94600 74.1376
94700 74.2549
94800 74.3297
94900 74.3502
95000 74.1976
95100 74.176
95200 74.2369
95300 74.3552
95400 74.3978
95500 74.3041
95600 74.2815
95700 74.1848
95800 74.3058
95900 74.523
96000 74.5736
96100 74.4251
96200 74.3429
96300 74.2701
96400 74.2342
96500 74.1894
96600 74.1292
96700 74.1306
96800 74.0389
96900 74.1756
97000 74.3124
97100 74.4159
97200 74.3366
97300 74.3459
97400 74.3494
97500 74.2679
97600 74.0574
97700 73.9751
97800 73.9566
97900 73.9046
98000 73.8381
98100 74.0183
98200 74.154
98300 74.1151
98400 73.922
98500 73.8284
98600 73.8267
98700 73.9878
98800 74.2766
98900 74.3933
99000 74.3583
99100 74.1872
99200 74.0809
99300 74.169
99400 74.2283
99500 74.3053
99600 74.4272
99700 74.5397
99800 74.6798
99900 74.7968
100000 75.0552
