# Time-averaged data for fix msd_avg_all
# TimeStep c_msd_all[4]
0 1.13591e-28
100 0.509542
200 1.1175
300 1.67988
400 2.2449
500 2.76572
600 3.20584
700 3.53137
800 3.85219
900 4.15081
1000 4.44124
1100 4.74121
1200 5.00043
1300 5.20639
1400 5.37719
1500 5.59624
1600 5.8531
1700 6.11614
1800 6.34033
1900 6.45292
2000 6.64244
2100 6.86886
2200 7.12819
2300 7.44246
2400 7.72677
2500 7.95568
2600 8.20129
2700 8.5118
2800 8.83339
2900 9.12918
3000 9.31437
3100 9.55568
3200 9.76802
3300 9.94901
3400 10.145
3500 10.4757
3600 10.7134
3700 11.1017
3800 11.351
3900 11.447
4000 11.6177
4100 11.9629
4200 12.2444
4300 12.5704
4400 12.8896
4500 13.1187
4600 13.2049
4700 13.388
4800 13.4084
4900 13.4264
5000 13.4694
5100 13.5184
5200 13.8436
5300 14.0558
5400 14.1433
5500 14.178
5600 14.3351
5700 14.3847
5800 14.4049
5900 14.4821
6000 14.6884
6100 14.9163
6200 15.0383
6300 15.2291
6400 15.4189
6500 15.6412
6600 16.0167
6700 16.1233
6800 16.3594
6900 16.5269
7000 16.6473
7100 16.6096
7200 16.6966
7300 16.8997
7400 17.1261
7500 17.5818
7600 17.9722
7700 18.1709
7800 18.352
7900 18.4247
8000 18.5553
8100 18.8741
8200 19.0339
8300 19.0975
8400 19.1055
8500 19.0561
8600 19.1431
8700 19.244
8800 19.322
8900 19.4062
9000 19.4935
9100 19.6078
9200 19.8159
9300 19.8942
9400 20.1039
9500 20.1286
9600 20.1694
9700 20.2851
9800 20.358
9900 20.4374
10000 20.6109
10100 20.6771
10200 20.7987
10300 20.7923
10400 20.876
10500 20.9714
10600 21.0625
10700 20.935
10800 20.9875
10900 21.1263
11000 21.1694
11100 21.2097
11200 21.4323
11300 21.6516
11400 21.7669
11500 21.8475
11600 21.8854
11700 22.037
11800 22.1555
11900 22.2837
12000 22.4628
12100 22.546
12200 22.7873
12300 22.8959
12400 22.8971
12500 22.8431
12600 22.8886
12700 22.7656
12800 22.8928
12900 22.9701
13000 23.0664
13100 23.1014
13200 23.0769
13300 23.0824
13400 22.8684
13500 22.9567
13600 23.0739
13700 23.1437
13800 23.2623
13900 23.3501
14000 23.4505
14100 23.4965
14200 23.6429
14300 23.7274
14400 23.8953
14500 24.0384
14600 24.1018
14700 24.2255
14800 24.3879
14900 24.6866
15000 24.9516
15100 25.121
15200 25.3316
15300 25.5286
15400 25.6382
15500 25.6585
15600 25.8827
15700 25.9452
15800 25.8838
15900 25.8593
16000 25.9613
16100 26.1744
16200 26.2631
16300 26.2627
16400 26.2804
16500 26.323
16600 26.4123
16700 26.4197
16800 26.6144
16900 26.8957
17000 27.1611
17100 27.1559
17200 27.0782
17300 27.1346
17400 27.1352
17500 27.0146
17600 26.9724
17700 26.9123
17800 27.0519
17900 27.042
18000 26.9974
18100 26.9933
18200 27.045
18300 27.11
18400 27.1362
18500 27.2306
18600 27.4249
18700 27.4728
18800 27.6578
18900 27.9636
19000 28.3763
19100 28.6179
19200 28.7474
19300 29.0912
19400 29.2513
19500 29.2601
19600 29.4252
19700 29.7258
19800 29.7967
19900 29.7549
20000 29.7198
20100 29.7185
20200 29.7573
20300 29.7646
20400 29.8493
20500 29.9034
20600 29.9773
20700 30.0728
20800 30.3162
20900 30.405
21000 30.6866
21100 30.9944
21200 31.1525
21300 31.2134
21400 31.3505
21500 31.4343
21600 31.3867
21700 31.3747
21800 31.4292
21900 31.617
22000 31.6929
22100 31.5527
22200 31.5957
22300 31.7636
22400 31.9943
22500 32.0738
22600 31.9884
22700 32.027
22800 32.1512
22900 32.405
23000 32.62
23100 32.963
23200 33.0744
23300 33.0998
23400 33.1084
23500 32.9414
23600 32.8433
23700 32.8255
23800 32.8592
23900 32.7949
24000 32.8365
24100 32.9556
24200 33.1247
24300 33.2116
24400 33.3798
24500 33.4789
24600 33.4793
24700 33.5759
24800 33.621
24900 33.7665
25000 33.6921
25100 33.6955
25200 33.9009
25300 34.1067
25400 34.3308
25500 34.4987
25600 34.6458
25700 34.6915
25800 34.7699
25900 34.7009
26000 34.8668
26100 35.3414
26200 35.5464
26300 35.9318
26400 36.2296
26500 36.447
26600 36.6847
26700 36.7468
26800 36.9997
26900 37.1783
27000 37.2708
27100 37.381
27200 37.5284
27300 37.6629
27400 37.543
27500 37.6216
27600 37.5576
27700 37.6562
27800 37.5788
27900 37.4647
28000 37.3432
28100 37.4929
28200 37.6544
28300 37.6126
28400 37.7006
28500 37.9416
28600 37.9656
28700 38.1435
28800 38.0891
28900 37.7844
29000 37.6088
29100 37.5475
29200 37.5931
29300 37.5247
29400 37.6623
29500 37.7673
29600 38.024
29700 38.2272
29800 38.4018
29900 38.471
30000 38.7983
30100 39.0453
30200 39.1127
30300 39.0044
30400 38.863
30500 38.894
30600 38.9048
30700 38.889
30800 38.9099
30900 39.0828
31000 39.33
31100 39.362
31200 39.527
31300 39.6196
31400 39.7198
31500 39.9247
31600 40.028
31700 39.7712
31800 39.5086
31900 39.7737
32000 39.8457
32100 39.9722
32200 40.0137
32300 40.1196
32400 40.2757
32500 40.2706
32600 40.4025
32700 40.5389
32800 40.574
32900 40.6962
33000 40.6954
33100 40.8291
33200 41.282
33300 41.6854
33400 41.7801
33500 41.7449
33600 41.5786
33700 41.5462
33800 41.3437
33900 41.2562
34000 41.1741
34100 40.9479
34200 40.943
34300 40.8303
34400 40.6354
34500 40.6621
34600 40.7853
34700 41.1978
34800 41.4087
34900 41.5058
35000 41.438
35100 41.583
35200 41.7429
35300 41.7748
35400 41.8901
35500 42.1257
35600 42.0473
35700 42.1551
35800 42.2499
35900 42.3762
36000 42.5308
36100 42.8743
36200 43.0191
36300 43.0873
36400 43.3999
36500 43.667
36600 43.7509
36700 43.7448
36800 43.8966
36900 44.2005
37000 44.4981
37100 44.6536
37200 44.7344
37300 44.8738
37400 45.0765
37500 45.2913
37600 45.4346
37700 45.7525
37800 45.9779
37900 46.0197
38000 46.3515
38100 46.2603
38200 45.9202
38300 45.7565
38400 45.7517
38500 45.9856
38600 46.4339
38700 46.8404
38800 46.9023
38900 46.9036
39000 46.9438
39100 47.1837
39200 47.5449
39300 47.7178
39400 47.4632
39500 47.323
39600 47.135
39700 47.1342
39800 47.1106
39900 47.3168
40000 47.5456
40100 47.8079
40200 47.939
40300 48.1754
40400 48.3427
40500 48.6217
40600 49.0698
40700 49.0314
40800 49.0311
40900 48.9599
41000 48.9131
41100 48.8151
41200 48.9534
41300 48.9868
41400 49.0832
41500 49.3672
41600 49.4504
41700 49.2629
41800 49.0064
41900 48.9385
42000 48.6773
42100 48.5841
42200 48.699
42300 49.042
42400 49.093
42500 49.2016
42600 49.3183
42700 49.5671
42800 49.75
42900 49.9394
43000 50.1361
43100 50.1142
43200 49.8801
43300 49.4141
43400 49.1926
43500 49.0969
43600 48.9603
43700 49.1368
43800 49.251
43900 49.7346
44000 50.0172
44100 50.1279
44200 50.0584
44300 50.3763
44400 50.7176
44500 50.9415
44600 51.4192
44700 51.8275
44800 52.0938
44900 52.4189
45000 52.5159
45100 52.4682
45200 52.5254
45300 52.5988
45400 52.9259
45500 53.4151
45600 53.4707
45700 53.2145
45800 53.0349
45900 52.8969
46000 52.6941
46100 52.7772
46200 52.8258
46300 52.92
46400 53.1674
46500 53.1062
46600 53.057
46700 53.1321
46800 53.1289
46900 53.0246
47000 53.0801
47100 53.1817
47200 53.1331
47300 53.1945
47400 53.2667
47500 53.3432
47600 53.476
47700 53.2747
47800 53.3576
47900 53.6309
48000 53.7808
48100 53.7194
48200 53.7588
48300 53.8139
48400 53.8616
48500 53.9263
48600 54.1957
48700 54.5412
48800 54.5658
48900 54.7482
49000 54.9888
49100 55.1776
49200 55.5222
49300 55.8272
49400 56.2254
49500 56.373
49600 56.4409
49700 56.3273
49800 56.3714
49900 56.5296
50000 56.7825
50100 57.0857
50200 57.2144
50300 57.1773
50400 57.224
50500 57.4445
50600 57.6839
50700 57.8253
50800 57.9928
50900 58.0554
51000 58.0761
51100 58.0279
51200 58.2544
51300 58.3456
51400 58.5309
51500 58.5765
51600 58.6762
51700 58.8543
51800 58.5844
51900 58.7038
52000 59.1487
52100 59.6955
52200 59.6873
52300 59.7102
52400 59.797
52500 59.8956
52600 59.9741
52700 60.2338
52800 60.422
52900 60.6225
53000 60.7266
53100 60.955
53200 61.4883
53300 61.9739
53400 62.5237
53500 62.6857
53600 62.72
53700 63.1146
53800 63.7958
53900 64.3116
54000 64.9187
54100 65.2587
54200 65.6482
54300 66.1661
54400 66.4383
54500 66.4414
54600 66.507
54700 66.7768
54800 66.9851
54900 66.9425
55000 66.5987
55100 66.2123
55200 66.0269
55300 66.2203
55400 66.1472
55500 66.2798
55600 66.3362
55700 66.1569
55800 65.9974
55900 65.8296
56000 65.8026
56100 65.4699
56200 65.37
56300 65.4534
56400 65.4847
56500 65.6196
56600 65.6886
56700 65.9248
56800 66.0707
56900 66.0275
57000 66.0949
57100 66.1546
57200 65.8696
57300 65.4562
57400 65.393
57500 65.401
57600 65.4266
57700 65.6765
57800 65.9948
57900 66.2902
58000 66.1835
58100 66.1375
58200 66.2027
58300 66.4276
58400 66.4994
58500 66.6749
58600 66.7492
58700 66.9379
58800 67.2824
58900 67.4101
59000 67.8942
59100 67.9153
59200 67.7666
59300 67.9216
59400 68.1495
59500 68.36
59600 68.3921
59700 68.7256
59800 68.7002
59900 68.7484
60000 69.0153
60100 69.1917
60200 69.2163
60300 69.026
60400 68.9462
60500 69.0972
60600 69.2333
60700 69.5633
60800 69.8473
60900 69.7932
61000 69.5609
61100 69.29
61200 69.1379
61300 68.9537
61400 69.0659
61500 69.1873
61600 68.8299
61700 68.7152
61800 68.6888
61900 68.6752
62000 68.4898
62100 68.2214
62200 68.1777
62300 68.3281
62400 68.1083
62500 68.1073
62600 68.0775
62700 68.0327
62800 67.9751
62900 68.122
63000 68.1575
63100 68.1319
63200 68.3859
63300 68.3875
63400 68.5022
63500 68.599
63600 68.7201
63700 68.635
63800 68.7184
63900 68.4982
64000 68.1701
64100 67.8902
64200 67.837
64300 67.6572
64400 67.6753
64500 67.5978
64600 67.7434
64700 67.9949
64800 68.5683
64900 68.9292
65000 68.9241
65100 68.8495
65200 68.964
65300 69.0172
65400 69.0352
65500 69.0048
65600 69.1345
65700 69.128
65800 69.0354
65900 69.3702
66000 69.1135
66100 69.0512
66200 69.2142
66300 69.3122
66400 69.3877
66500 69.5194
66600 69.5321
66700 69.4181
66800 69.4107
66900 69.3457
67000 68.9545
67100 68.7877
67200 68.878
67300 68.946
67400 68.9787
67500 68.9817
67600 69.0694
67700 69.2197
67800 69.3188
67900 69.5703
68000 69.89
68100 70.2194
68200 70.5418
68300 70.583
68400 70.8339
68500 70.8475
68600 70.7019
68700 70.4188
68800 70.1463
68900 70.1984
69000 70.2964
69100 70.2958
69200 70.2641
69300 70.3017
69400 70.3627
69500 70.7586
69600 71.2444
69700 71.7429
69800 72.1909
69900 72.6939
70000 73.2602
70100 73.9331
70200 74.0218
70300 74.0349
70400 74.2446
70500 74.6091
70600 75.0226
70700 75.2782
70800 75.4586
70900 75.6755
71000 75.4446
71100 75.4213
71200 75.68
71300 75.9066
71400 76.1582
71500 76.4672
71600 76.6985
71700 76.9158
71800 77.3275
71900 77.5974
72000 77.9447
72100 78.228
72200 78.5875
72300 79.1537
72400 79.2622
72500 79.2067
72600 79.1914
72700 79.1211
72800 79.0417
72900 79.1753
73000 79.1425
73100 79.1949
73200 79.2961
73300 79.2238
73400 79.3337
73500 79.5515
73600 79.8371
73700 79.8904
73800 80.2734
73900 80.3714
74000 80.2504
74100 80.2314
74200 80.2476
74300 80.3658
74400 80.5162
74500 80.9447
74600 81.1903
74700 81.1511
74800 81.0984
74900 81.4144
75000 81.5379
75100 81.6138
75200 81.7576
75300 81.9941
75400 82.0485
75500 82.2061
75600 82.7146
75700 82.9157
75800 83.4184
75900 83.6667
76000 83.9245
76100 84.367
76200 84.5012
76300 84.543
76400 84.2989
76500 84.0426
76600 84.2398
76700 84.7151
76800 84.9703
76900 85.0717
77000 85.4133
77100 85.7299
77200 86.1525
77300 86.3667
77400 86.4957
77500 86.1317
77600 85.7629
77700 85.6059
77800 85.7044
77900 85.9036
78000 86.2317
78100 86.3479
78200 86.2885
78300 85.9379
78400 85.8926
78500 85.8602
78600 85.3943
78700 85.4179
78800 85.4884
78900 85.4819
79000 85.3362
79100 85.2271
79200 85.3723
79300 85.5042
79400 85.4227
79500 85.3825
79600 85.402
79700 85.5747
79800 85.8272
79900 85.9216
80000 86.1455
80100 86.2418
80200 86.3528
80300 86.3466
80400 86.7612
80500 86.8661
80600 86.771
80700 86.7865
80800 87.147
80900 87.548
81000 87.7709
81100 87.7975
81200 87.6998
81300 87.6912
81400 88.0063
81500 88.1715
81600 87.9997
81700 87.9846
81800 88.4611
81900 89.2441
82000 89.5369
82100 89.3564
82200 89.2967
82300 89.3653
82400 89.2311
82500 89.1153
82600 89.2851
82700 89.2621
82800 88.9698
82900 88.8024
83000 88.8981
83100 89.1753
83200 89.4516
83300 89.3421
83400 89.1377
83500 89.1216
83600 89.1775
83700 89.4282
83800 89.4807
83900 89.5569
84000 89.5515
84100 89.5651
84200 89.6489
84300 89.6877
84400 89.838
84500 89.7863
84600 89.8756
84700 89.6005
84800 89.7088
84900 90.1528
85000 90.5276
85100 90.6233
85200 90.519
85300 90.6965
85400 90.6674
85500 90.4969
85600 90.6166
85700 90.7562
85800 90.919
85900 91.3167
86000 92.1064
86100 92.4812
86200 93.1862
86300 93.5377
86400 93.5897
86500 93.2027
86600 93.2164
86700 93.4955
86800 93.7457
86900 93.8285
87000 94.3213
87100 94.7423
87200 95.0092
87300 94.6468
87400 94.4184
87500 93.8632
87600 93.6496
87700 93.6889
87800 93.6031
87900 93.6939
88000 93.893
88100 94.0182
88200 93.8508
88300 93.6129
88400 93.8229
88500 94.303
88600 94.2679
88700 94.1906
88800 94.2327
88900 94.5028
89000 94.9674
89100 95.3504
89200 95.9271
89300 95.9297
89400 95.935
89500 96.1795
89600 96.3777
89700 96.8209
89800 97.353
89900 97.8648
90000 98.3311
90100 98.4257
90200 98.1133
90300 97.9613
90400 98.1411
90500 97.8531
90600 97.7126
90700 97.6911
90800 98.0298
90900 98.4792
91000 99.1122
91100 99.1123
91200 98.8242
91300 98.6276
91400 98.4926
91500 98.8837
91600 99.427
91700 99.5393
91800 99.5844
91900 99.5838
92000 99.9499
92100 100.272
92200 100.464
92300 100.517
92400 100.738
92500 100.942
92600 100.737
92700 100.459
92800 100.309
92900 100.241
93000 100.345
93100 100.272
93200 100.571
93300 100.894
93400 101.112
93500 101.598
93600 102.066
93700 102.628
93800 103.067
93900 103.424
94000 104.082
94100 104.873
94200 105.13
94300 105.293
94400 105.114
94500 104.982
94600 105.271
94700 105.478
94800 105.375
94900 105.478
95000 105.568
95100 105.652
95200 105.954
95300 105.734
95400 105.654
95500 105.407
95600 105.702
95700 105.929
95800 105.578
95900 104.964
96000 104.402
96100 104.119
96200 104.147
96300 104.165
96400 104.412
96500 104.259
96600 104.586
96700 104.979
96800 105.439
96900 105.924
97000 106.371
97100 106.399
97200 106.464
97300 106.504
97400 106.694
97500 106.721
97600 106.407
97700 106.007
97800 105.7
97900 106.075
98000 106.561
98100 106.942
98200 107.321
98300 107.63
98400 107.907
98500 107.993
98600 107.76
98700 107.71
98800 107.772
98900 107.816
99000 107.976
99100 108.059
99200 108.105
99300 107.984
99400 108.106
99500 108.126
99600 107.788
99700 107.72
99800 107.58
99900 107.2
100000 106.763
