# Time-averaged data for fix coulombic_energy
# TimeStep c_pe_coul c_pe_pair c_qtotal
0 -243.903 -7236.7 0
100 -243.02 -7289.11 0
200 -243.16 -7349.61 0
300 -243.49 -7268.6 0
400 -244.744 -7269.96 0
500 -246.201 -7278.45 0
600 -247.396 -7345.78 0
700 -246.229 -7306.2 0
800 -246.824 -7339.73 0
900 -246.451 -7256.64 0
1000 -247.969 -7282.24 0
1100 -247.328 -7321.5 0
1200 -246.016 -7381.86 0
1300 -246.829 -7327.12 0
1400 -248.55 -7323.8 0
1500 -248.33 -7347.74 0
1600 -248.479 -7314.95 0
1700 -249.405 -7282.6 0
1800 -249.394 -7300.62 0
1900 -247.612 -7312.69 0
2000 -247.208 -7283.41 0
2100 -244.895 -7309.93 0
2200 -246.036 -7375.23 0
2300 -246.217 -7424.54 0
2400 -247.424 -7337 0
2500 -244.925 -7325.9 0
2600 -244.235 -7336.82 0
2700 -243.822 -7334.53 0
2800 -245.183 -7298.23 0
2900 -246.015 -7324.73 0
3000 -244.269 -7357.9 0
3100 -243.701 -7377.85 0
3200 -243.838 -7380.4 0
3300 -244.835 -7423.85 0
3400 -246.907 -7390.87 0
3500 -245.878 -7339.31 0
3600 -246.761 -7337.06 0
3700 -246.831 -7341.2 0
3800 -245.87 -7381.47 0
3900 -246.326 -7371.13 0
4000 -247.571 -7347.2 0
4100 -247.022 -7358.28 0
4200 -248.15 -7359.95 0
4300 -248.116 -7365.6 0
4400 -247.177 -7354.41 0
4500 -243.9 -7286.08 0
4600 -243.374 -7302.54 0
4700 -245.109 -7351.8 0
4800 -246.326 -7339.85 0
4900 -244.105 -7323.04 0
5000 -246.783 -7338.16 0
5100 -246.923 -7381.75 0
5200 -246.842 -7354.3 0
5300 -247.212 -7350.9 0
5400 -247.785 -7284.87 0
5500 -246.823 -7344.12 0
5600 -246.709 -7369.4 0
5700 -247.264 -7320.23 0
5800 -246.613 -7307.37 0
5900 -245.25 -7409.08 0
6000 -245.947 -7375.41 0
6100 -246.112 -7373.78 0
6200 -245.745 -7400.82 0
6300 -246.845 -7372.77 0
6400 -245.564 -7333.15 0
6500 -246.878 -7431.56 0
6600 -246.679 -7448.82 0
6700 -246.076 -7444.93 0
6800 -247.449 -7314.82 0
6900 -247.752 -7340.64 0
7000 -248.409 -7282.62 0
7100 -248.481 -7353.07 0
7200 -248.575 -7266.3 0
7300 -249.159 -7361.72 0
7400 -248.012 -7317.95 0
7500 -246.258 -7317.04 0
7600 -245.192 -7371.07 0
7700 -245.14 -7401.34 0
7800 -248.727 -7439.08 0
7900 -248.006 -7418.64 0
8000 -247.826 -7486.69 0
8100 -246.964 -7389.85 0
8200 -247.252 -7371.07 0
8300 -246.857 -7385.43 0
8400 -245.426 -7415.73 0
8500 -248.461 -7422.62 0
8600 -248.094 -7418.99 0
8700 -249.326 -7331.2 0
8800 -248.313 -7363.16 0
8900 -246.288 -7420.08 0
9000 -247.255 -7428.21 0
9100 -246.345 -7389.01 0
9200 -248.238 -7340.94 0
9300 -244.829 -7318.38 0
9400 -245.443 -7333.79 0
9500 -244.491 -7396.14 0
9600 -245.165 -7389.95 0
9700 -244.036 -7410.33 0
9800 -245.687 -7339.98 0
9900 -243.029 -7434.14 0
10000 -245.715 -7382.19 0
10100 -246.457 -7346.48 0
10200 -244.646 -7375.02 0
10300 -243.856 -7365.98 0
10400 -244.104 -7349.5 0
10500 -245.946 -7385.04 0
10600 -240.551 -7339.66 0
10700 -241.113 -7363.75 0
10800 -243.093 -7400.92 0
10900 -247.42 -7386.78 0
11000 -248.894 -7415 0
11100 -247.812 -7366.68 0
11200 -247.937 -7414.08 0
11300 -249.308 -7408.45 0
11400 -246.841 -7421.68 0
11500 -247.623 -7460.12 0
11600 -247.091 -7395.39 0
11700 -245.007 -7353.34 0
11800 -246.411 -7353.1 0
11900 -244.907 -7448.67 0
12000 -244.551 -7407.28 0
12100 -242.649 -7407.37 0
12200 -243.873 -7348.77 0
12300 -243.924 -7403.34 0
12400 -245.26 -7377.98 0
12500 -243.898 -7404.3 0
12600 -245.543 -7399.92 0
12700 -244.109 -7345.11 0
12800 -242.794 -7419.14 0
12900 -242.903 -7414.77 0
13000 -243.766 -7409.46 0
13100 -244.088 -7493.74 0
13200 -243.671 -7493.16 0
13300 -246.141 -7451.04 0
13400 -247.337 -7395.26 0
13500 -246.385 -7358.29 0
13600 -245.714 -7431.46 0
13700 -245.144 -7378.37 0
13800 -247.843 -7360.38 0
13900 -246.248 -7372.49 0
14000 -247.603 -7377.03 0
14100 -244.842 -7414.58 0
14200 -245.261 -7418.31 0
14300 -245.081 -7405.09 0
14400 -244.95 -7455.85 0
14500 -245.757 -7461.46 0
14600 -244 -7378.65 0
14700 -245.518 -7386.8 0
14800 -246.191 -7349.8 0
14900 -245.527 -7390.81 0
15000 -244.43 -7407.91 0
15100 -243.797 -7421.25 0
15200 -245.221 -7439.2 0
15300 -244.96 -7480.39 0
15400 -246.952 -7522.41 0
15500 -247.923 -7449.75 0
15600 -247.098 -7483.6 0
15700 -249.318 -7416.67 0
15800 -247.445 -7457.68 0
15900 -247.768 -7413.52 0
16000 -246.881 -7475.07 0
16100 -246.334 -7501.56 0
16200 -249.493 -7421.17 0
16300 -249.166 -7409.59 0
16400 -249.02 -7388.98 0
16500 -248.345 -7430.93 0
16600 -247.084 -7472.61 0
16700 -246.642 -7456.29 0
16800 -248.432 -7472.29 0
16900 -249.898 -7439.35 0
17000 -246.719 -7397.61 0
17100 -243.811 -7504.05 0
17200 -245.334 -7594.65 0
17300 -244.644 -7552.47 0
17400 -244.861 -7484.1 0
17500 -246.215 -7421.96 0
17600 -247.013 -7409.58 0
17700 -246.674 -7429.6 0
17800 -246.277 -7556.65 0
17900 -244.964 -7506.72 0
18000 -244.528 -7459.96 0
18100 -246.404 -7499.75 0
18200 -245.218 -7502.3 0
18300 -244.109 -7456.42 0
18400 -244.779 -7519.35 0
18500 -244.812 -7469.38 0
18600 -246.194 -7431.88 0
18700 -247.325 -7398.56 0
18800 -247.938 -7389.12 0
18900 -248.429 -7411.93 0
19000 -248.067 -7444.24 0
19100 -246.695 -7409.01 0
19200 -246.583 -7474.01 0
19300 -248.912 -7488.45 0
19400 -248.624 -7479.26 0
19500 -249.99 -7497.66 0
19600 -248.957 -7475.99 0
19700 -249.378 -7563.45 0
19800 -248.669 -7502.48 0
19900 -248.201 -7500.32 0
20000 -246.555 -7445.63 0
20100 -248.984 -7491.71 0
20200 -248.025 -7457.99 0
20300 -246.689 -7449.45 0
20400 -249.175 -7452.53 0
20500 -249.412 -7496.96 0
20600 -248.416 -7470.53 0
20700 -249.519 -7528.76 0
20800 -248.263 -7515.86 0
20900 -248.353 -7523.83 0
21000 -249.765 -7492.49 0
21100 -248.496 -7531.97 0
21200 -247.113 -7471.68 0
21300 -246.578 -7548.83 0
21400 -245.565 -7530.5 0
21500 -248.318 -7546.64 0
21600 -248.799 -7565.52 0
21700 -249.391 -7537.27 0
21800 -246.86 -7519.41 0
21900 -248.181 -7479.83 0
22000 -246.46 -7470.76 0
22100 -246.29 -7482.24 0
22200 -247.494 -7594.81 0
22300 -245.366 -7580.57 0
22400 -246.059 -7548.7 0
22500 -246.167 -7526.43 0
22600 -245.602 -7495.87 0
22700 -243.727 -7508.16 0
22800 -243.482 -7627.21 0
22900 -239.623 -7609.59 0
23000 -239.688 -7598.26 0
23100 -240.777 -7606.4 0
23200 -238.943 -7588.95 0
23300 -241.005 -7515.61 0
23400 -242.447 -7568.33 0
23500 -244.282 -7540.92 0
23600 -244.055 -7568.78 0
23700 -245.034 -7521.2 0
23800 -244.828 -7516.19 0
23900 -243.379 -7520.39 0
24000 -238.549 -7555.16 0
24100 -239.933 -7538.28 0
24200 -239.782 -7532.63 0
24300 -237.143 -7603.2 0
24400 -237.568 -7612.82 0
24500 -240.583 -7612.36 0
24600 -241.082 -7553.67 0
24700 -240.201 -7534.78 0
24800 -241.007 -7571.94 0
24900 -241.421 -7655.13 0
25000 -240.855 -7603.24 0
25100 -241.234 -7650.32 0
25200 -240.038 -7625.92 0
25300 -240.189 -7559.02 0
25400 -241.32 -7560.29 0
25500 -240.274 -7593.27 0
25600 -242.139 -7637.93 0
25700 -244.2 -7592.85 0
25800 -245.136 -7565.78 0
25900 -244.513 -7606.01 0
26000 -242.067 -7614.35 0
26100 -242.313 -7640.57 0
26200 -242.437 -7620.39 0
26300 -243.942 -7571 0
26400 -245.591 -7580.51 0
26500 -245.028 -7671.59 0
26600 -243.231 -7656.22 0
26700 -247.667 -7666.19 0
26800 -245.976 -7638.64 0
26900 -248.211 -7674.47 0
27000 -247.887 -7688.43 0
27100 -246.44 -7681.78 0
27200 -247.485 -7618.28 0
27300 -247.026 -7647.46 0
27400 -247.284 -7639.09 0
27500 -246.235 -7603.24 0
27600 -246.989 -7630.63 0
27700 -247.348 -7604.77 0
27800 -247.488 -7677.22 0
27900 -247.239 -7710.61 0
28000 -249.121 -7684.34 0
28100 -249.211 -7619.07 0
28200 -247.031 -7594.02 0
28300 -246.457 -7575.9 0
28400 -248.368 -7642.09 0
28500 -248.708 -7653.93 0
28600 -248.398 -7636.35 0
28700 -247.484 -7705.51 0
28800 -244.534 -7726.6 0
28900 -246.849 -7696.95 0
29000 -247.579 -7675.66 0
29100 -245.067 -7739.59 0
29200 -244.545 -7661.33 0
29300 -247.838 -7692.99 0
29400 -248.992 -7659.24 0
29500 -247.699 -7668.62 0
29600 -246.638 -7715.81 0
29700 -248.727 -7698.52 0
29800 -247.272 -7703.19 0
29900 -244.454 -7610.88 0
30000 -244.619 -7667.47 0
30100 -245.539 -7697.19 0
30200 -246.823 -7689.11 0
30300 -246.522 -7648.6 0
30400 -245.267 -7655.57 0
30500 -245.374 -7698.79 0
30600 -243.104 -7734.22 0
30700 -244.862 -7712.86 0
30800 -246.456 -7653.51 0
30900 -246.773 -7677.15 0
31000 -248.145 -7757.4 0
31100 -245.881 -7712.66 0
31200 -247.738 -7700.72 0
31300 -247.068 -7676.3 0
31400 -246.307 -7671.84 0
31500 -245.503 -7674.3 0
31600 -247.533 -7667.21 0
31700 -247.838 -7727.28 0
31800 -247.205 -7726.74 0
31900 -247.899 -7756.03 0
32000 -247.992 -7720.92 0
32100 -247.059 -7730.59 0
32200 -248.591 -7696.88 0
32300 -249.384 -7722.47 0
32400 -247.367 -7721.16 0
32500 -246.801 -7698.92 0
32600 -246.701 -7723.44 0
32700 -246.417 -7719.23 0
32800 -247.163 -7674.01 0
32900 -247.428 -7759.96 0
33000 -247.492 -7751.3 0
33100 -248.776 -7710.7 0
33200 -247.669 -7736.79 0
33300 -248.254 -7662.12 0
33400 -249.651 -7691.45 0
33500 -247.007 -7763.51 0
33600 -247.702 -7781.48 0
33700 -247.198 -7818.23 0
33800 -246.586 -7784.62 0
33900 -242.579 -7738.9 0
34000 -247.444 -7706.22 0
34100 -247.099 -7735.95 0
34200 -246.964 -7780.45 0
34300 -242.537 -7742.11 0
34400 -246.446 -7741.57 0
34500 -245.801 -7791.08 0
34600 -247.02 -7798.57 0
34700 -246.613 -7794.62 0
34800 -247.607 -7777.56 0
34900 -247.008 -7728.36 0
35000 -247.446 -7689.97 0
35100 -247.797 -7751.6 0
35200 -246.952 -7731.52 0
35300 -244.486 -7701.95 0
35400 -244.424 -7669.48 0
35500 -245.618 -7765.92 0
35600 -247.057 -7772.2 0
35700 -247.182 -7813.75 0
35800 -246.032 -7748.01 0
35900 -245.43 -7741.37 0
36000 -245.843 -7741.57 0
36100 -248.346 -7776.5 0
36200 -246.536 -7775.86 0
36300 -246.034 -7766.12 0
36400 -246.383 -7816.06 0
36500 -245.013 -7750.83 0
36600 -245.744 -7815.94 0
36700 -247.275 -7727.72 0
36800 -245.777 -7743.56 0
36900 -243.972 -7785.34 0
37000 -243.429 -7805.68 0
37100 -245.513 -7811.16 0
37200 -248.051 -7796.47 0
37300 -246.933 -7780.52 0
37400 -248.268 -7758.01 0
37500 -250.05 -7740.27 0
37600 -249.63 -7723.82 0
37700 -248.115 -7735.36 0
37800 -250.607 -7812.58 0
37900 -251.806 -7809.99 0
38000 -250.626 -7753.58 0
38100 -249.372 -7749.96 0
38200 -249.785 -7821.54 0
38300 -248.97 -7793.64 0
38400 -248.342 -7724.5 0
38500 -249.271 -7744.36 0
38600 -247.788 -7783.1 0
38700 -248.363 -7829.52 0
38800 -248.738 -7791.17 0
38900 -247.672 -7752.58 0
39000 -247.37 -7781.92 0
39100 -249.294 -7845.5 0
39200 -248.847 -7748.03 0
39300 -249.072 -7763.73 0
39400 -248.767 -7788.04 0
39500 -248.302 -7794.66 0
39600 -247.855 -7864.34 0
39700 -247.169 -7868 0
39800 -247.491 -7807.51 0
39900 -245.312 -7825.44 0
40000 -246.587 -7776.27 0
40100 -246.361 -7824.51 0
40200 -247.67 -7787 0
40300 -247.657 -7711.95 0
40400 -248.515 -7726.86 0
40500 -246.784 -7763.66 0
40600 -247.573 -7821.36 0
40700 -247.483 -7778.25 0
40800 -248.839 -7705.3 0
40900 -250.943 -7759.58 0
41000 -249.024 -7801.27 0
41100 -248.707 -7848.88 0
41200 -248.753 -7779.89 0
41300 -249.111 -7766.97 0
41400 -249.203 -7795.53 0
41500 -249.747 -7844.83 0
41600 -249.728 -7829.95 0
41700 -249.581 -7805.61 0
41800 -249.868 -7798.8 0
41900 -248.35 -7793.34 0
42000 -247.974 -7854.7 0
42100 -247.693 -7818.44 0
42200 -247.495 -7806.84 0
42300 -247.912 -7811.42 0
42400 -249.165 -7821.76 0
42500 -250.035 -7848.31 0
42600 -248.834 -7775.29 0
42700 -250.615 -7813.05 0
42800 -249.628 -7779.33 0
42900 -249.609 -7849.42 0
43000 -250.588 -7864.24 0
43100 -248.846 -7787.48 0
43200 -247.752 -7753.6 0
43300 -249.047 -7806.49 0
43400 -247.74 -7772.08 0
43500 -248.141 -7775.48 0
43600 -249.888 -7759.64 0
43700 -248.999 -7814.91 0
43800 -247.433 -7792.09 0
43900 -249.42 -7750.67 0
44000 -247.475 -7780.11 0
44100 -249.648 -7786.49 0
44200 -249.333 -7775.9 0
44300 -249.609 -7806.44 0
44400 -250.049 -7838.23 0
44500 -249.704 -7820.68 0
44600 -249.158 -7771.82 0
44700 -248.893 -7797.51 0
44800 -248.787 -7873.24 0
44900 -249.783 -7824.67 0
45000 -248.636 -7814.91 0
45100 -248.756 -7848.97 0
45200 -249.466 -7913.08 0
45300 -247.102 -7877.96 0
45400 -246.91 -7905.35 0
45500 -248.93 -7812.56 0
45600 -249.715 -7824.18 0
45700 -248.558 -7877.99 0
45800 -247.268 -7865.58 0
45900 -246.597 -7818.73 0
46000 -248.323 -7789.78 0
46100 -246.617 -7859.59 0
46200 -247.202 -7822.53 0
46300 -247.211 -7830.76 0
46400 -248.083 -7832.56 0
46500 -248.995 -7820.05 0
46600 -248.437 -7866.56 0
46700 -247.98 -7812.33 0
46800 -248.558 -7853.93 0
46900 -249.375 -7872.93 0
47000 -246.409 -7882.72 0
47100 -247.458 -7827.24 0
47200 -250.106 -7771.55 0
47300 -248.597 -7811.44 0
47400 -249.029 -7843.8 0
47500 -248.261 -7854.8 0
47600 -246.704 -7843.91 0
47700 -245.689 -7856 0
47800 -245.347 -7869.38 0
47900 -245.33 -7789.74 0
48000 -247.739 -7803.05 0
48100 -246.913 -7865.01 0
48200 -249.936 -7845.14 0
48300 -249.277 -7842.61 0
48400 -248.459 -7840.17 0
48500 -246.678 -7811.26 0
48600 -248.643 -7887.26 0
48700 -247.24 -7914.35 0
48800 -247.038 -7879.45 0
48900 -249.465 -7834.1 0
49000 -250.633 -7879.64 0
49100 -250.446 -7929.03 0
49200 -249.104 -7840.32 0
49300 -248.761 -7877.45 0
49400 -248.418 -7926.55 0
49500 -247.814 -7881.75 0
49600 -248.121 -7955.56 0
49700 -248.223 -7974.28 0
49800 -248.917 -7914.39 0
49900 -249.411 -7886.81 0
50000 -249.436 -7811.21 0
50100 -248.2 -7835.16 0
50200 -246.684 -7887.25 0
50300 -246.952 -7907.82 0
50400 -246.353 -7837.7 0
50500 -246.924 -7853.85 0
50600 -249 -7772.7 0
50700 -249.776 -7879.14 0
50800 -248.094 -7857.35 0
50900 -249.33 -7945.44 0
51000 -249.967 -7890.13 0
51100 -248.975 -7850.98 0
51200 -247.602 -7888.27 0
51300 -249.268 -7869.14 0
51400 -250.041 -7889.33 0
51500 -248.977 -7888.59 0
51600 -249.722 -7855.62 0
51700 -249.754 -7914.78 0
51800 -250.35 -7913.62 0
51900 -250.134 -7787.23 0
52000 -249.116 -7841.2 0
52100 -249.804 -7815.74 0
52200 -249.56 -7760.74 0
52300 -250.951 -7824.65 0
52400 -251.342 -7850.34 0
52500 -250.202 -7821.42 0
52600 -249.691 -7815.12 0
52700 -248.124 -7802.93 0
52800 -249.512 -7847.53 0
52900 -249.994 -7850.76 0
53000 -249.546 -7879 0
53100 -247.364 -7855.52 0
53200 -248.45 -7901.47 0
53300 -248.042 -7865.79 0
53400 -249.606 -7886.23 0
53500 -250.355 -7835.74 0
53600 -250.131 -7860.07 0
53700 -248.557 -7850.26 0
53800 -247.341 -7832.25 0
53900 -247.036 -7874.34 0
54000 -245.996 -7933.59 0
54100 -247.611 -7922.66 0
54200 -247.546 -7892.82 0
54300 -249.862 -7884 0
54400 -249.258 -7810.87 0
54500 -249.951 -7775.71 0
54600 -249.335 -7840.55 0
54700 -250.726 -7861.74 0
54800 -250.737 -7857.58 0
54900 -250.046 -7862.89 0
55000 -249.526 -7871.95 0
55100 -248.489 -7907.94 0
55200 -247.772 -7876.24 0
55300 -246.495 -7854.83 0
55400 -247.976 -7749.43 0
55500 -248.805 -7831.93 0
55600 -249.715 -7854.19 0
55700 -249.867 -7823.13 0
55800 -249.322 -7820.15 0
55900 -248.121 -7844.87 0
56000 -248.215 -7891.56 0
56100 -248.464 -7879.54 0
56200 -249.015 -7921.18 0
56300 -248.295 -7898.61 0
56400 -247.813 -7867.2 0
56500 -247.677 -7851.36 0
56600 -247.358 -7884.92 0
56700 -247.433 -7907.11 0
56800 -249.016 -7886.25 0
56900 -249.065 -7896.67 0
57000 -248.857 -7872.16 0
57100 -249.539 -7848.51 0
57200 -249.733 -7902.71 0
57300 -249.807 -7839.13 0
57400 -249.286 -7840.8 0
57500 -247.559 -7890.95 0
57600 -249.764 -7863.79 0
57700 -250.074 -7899.02 0
57800 -249.201 -7883.93 0
57900 -247.588 -7886.31 0
58000 -247.463 -7876.1 0
58100 -247.46 -7868.86 0
58200 -246.885 -7821.56 0
58300 -245.627 -7842.88 0
58400 -247.264 -7836.7 0
58500 -247.966 -7862.18 0
58600 -247.84 -7932.12 0
58700 -248.7 -7828.19 0
58800 -248.33 -7810.81 0
58900 -248.386 -7891.85 0
59000 -247.345 -7987.36 0
59100 -247.407 -7939.65 0
59200 -248.923 -7927.34 0
59300 -247.203 -7933.92 0
59400 -247.566 -7898.16 0
59500 -247.104 -7916.84 0
59600 -248.48 -7886.51 0
59700 -247.906 -7886.37 0
59800 -248.655 -7904.75 0
59900 -249.293 -7936.61 0
60000 -249.211 -7864.3 0
60100 -246.983 -7847 0
60200 -246.133 -7853.37 0
60300 -242.603 -7937.84 0
60400 -244.798 -7854.48 0
60500 -246.791 -7819.79 0
60600 -246.127 -7791.21 0
60700 -249.3 -7895.28 0
60800 -250.703 -7928.95 0
60900 -249.374 -7904.56 0
61000 -250.391 -7802.08 0
61100 -249.257 -7874.1 0
61200 -249.41 -7924.19 0
61300 -251.289 -7895.87 0
61400 -251.234 -7847.78 0
61500 -251.239 -7824.02 0
61600 -249.161 -7873.69 0
61700 -248.915 -7847.58 0
61800 -248.167 -7866.68 0
61900 -248.321 -7863.76 0
62000 -247.391 -7805.75 0
62100 -248.257 -7912.51 0
62200 -248.375 -7876.88 0
62300 -247.444 -7958.73 0
62400 -248.025 -7941.73 0
62500 -248.456 -7939.2 0
62600 -247.368 -7891.52 0
62700 -247.306 -7874.33 0
62800 -247.825 -7946.72 0
62900 -247.022 -7886.51 0
63000 -248.307 -7882.46 0
63100 -248.514 -7905.23 0
63200 -248.533 -7903.23 0
63300 -250.262 -7913.09 0
63400 -250.509 -7903.17 0
63500 -251.23 -7881.21 0
63600 -250.466 -7911.67 0
63700 -250.473 -7866.78 0
63800 -249.523 -7945.78 0
63900 -250.247 -7911.48 0
64000 -249.371 -7929.99 0
64100 -247.626 -7964.3 0
64200 -247.936 -7928.01 0
64300 -248.331 -7902.31 0
64400 -246.39 -7871.17 0
64500 -246.385 -7864.46 0
64600 -246.89 -7841.04 0
64700 -248.483 -7920.33 0
64800 -247.852 -7919.87 0
64900 -246.032 -7948.84 0
65000 -246.223 -7913.04 0
65100 -246.808 -7891.83 0
65200 -247.723 -7899.87 0
65300 -247.709 -7916.15 0
65400 -248.11 -7828.89 0
65500 -248.76 -7903.64 0
65600 -248.46 -7946.3 0
65700 -249.013 -7983.62 0
65800 -250.958 -7940.78 0
65900 -248.631 -7881.77 0
66000 -249.792 -7881.46 0
66100 -249.778 -7931.23 0
66200 -248.682 -7892.63 0
66300 -249.235 -7907.78 0
66400 -249.188 -7857.81 0
66500 -249.754 -7878.65 0
66600 -249.52 -7843.78 0
66700 -249.865 -7913.16 0
66800 -250.808 -7876.96 0
66900 -248.997 -7918.26 0
67000 -249.386 -7975.95 0
67100 -249.857 -7992.81 0
67200 -250.997 -7905.22 0
67300 -252.389 -7852.21 0
67400 -250.404 -7892.56 0
67500 -248.751 -7914.46 0
67600 -250.018 -7930.69 0
67700 -250.327 -7940.2 0
67800 -250.128 -7887.07 0
67900 -249.41 -7916.34 0
68000 -250.151 -7871.54 0
68100 -248.425 -7893.12 0
68200 -249.018 -7902.37 0
68300 -248.035 -7927.98 0
68400 -249.888 -7897.94 0
68500 -249.386 -7919.47 0
68600 -249.634 -7925.19 0
68700 -250.625 -7906.52 0
68800 -249.156 -7983.38 0
68900 -248.491 -7942.79 0
69000 -250.594 -7996.98 0
69100 -251.787 -7934.55 0
69200 -251.519 -7897.54 0
69300 -250.875 -7915.32 0
69400 -249.297 -7958.33 0
69500 -247.139 -8002.88 0
69600 -248.565 -8001.49 0
69700 -250.833 -7939.64 0
69800 -248.376 -7904.99 0
69900 -246.553 -7913.68 0
70000 -248.769 -7880.28 0
70100 -250.299 -7990.23 0
70200 -248.818 -7974.89 0
70300 -249.035 -7950.46 0
70400 -250.569 -7946.34 0
70500 -250.875 -7887.49 0
70600 -250.41 -7927.08 0
70700 -249.384 -7973.34 0
70800 -246.918 -7947.29 0
70900 -248.499 -7957.49 0
71000 -248.256 -7915.12 0
71100 -248.3 -7813.97 0
71200 -250.775 -7859.88 0
71300 -250.113 -7877.81 0
71400 -251.054 -7979.58 0
71500 -250.254 -7890.3 0
71600 -249.829 -7855.41 0
71700 -248.878 -7835.39 0
71800 -249.957 -7872.91 0
71900 -248.648 -7936.84 0
72000 -247.841 -7903.41 0
72100 -249.045 -7891.19 0
72200 -249.176 -7900.89 0
72300 -246.285 -7884.41 0
72400 -246.721 -7944.61 0
72500 -246.819 -7887.14 0
72600 -248.28 -7938.25 0
72700 -250.107 -7884.55 0
72800 -249.734 -7833.51 0
72900 -248.489 -7927.96 0
73000 -248.285 -7898.37 0
73100 -247.796 -7949.2 0
73200 -249.043 -7908.14 0
73300 -247.53 -7995.51 0
73400 -248.437 -7913.53 0
73500 -249.948 -7908.03 0
73600 -250.584 -7936.05 0
73700 -251.042 -7800.27 0
73800 -249.064 -7928.79 0
73900 -248.694 -7875.64 0
74000 -249.898 -7848.46 0
74100 -248.621 -7878 0
74200 -247.886 -7904.64 0
74300 -247.566 -7926.41 0
74400 -248.322 -7950.8 0
74500 -247.041 -7902.26 0
74600 -245.57 -7944.25 0
74700 -245.973 -7974.9 0
74800 -249.41 -7974.39 0
74900 -248.699 -7964.96 0
75000 -249.514 -7977.8 0
75100 -250.15 -7975.33 0
75200 -250.988 -7919.22 0
75300 -251.992 -7949.52 0
75400 -250.742 -7928.03 0
75500 -250.036 -7966.56 0
75600 -249.706 -7928.24 0
75700 -250.383 -7998.97 0
75800 -250.557 -8001.48 0
75900 -249.732 -8012.14 0
76000 -248.014 -7949.34 0
76100 -246.822 -7889.72 0
76200 -246.882 -7931.39 0
76300 -249.511 -7969.69 0
76400 -250.252 -7895.28 0
76500 -248.818 -7905.92 0
76600 -251.246 -7919.82 0
76700 -250.382 -7987.06 0
76800 -248.983 -7930.38 0
76900 -249.513 -7874.12 0
77000 -249.357 -7928.76 0
77100 -249.067 -7898.38 0
77200 -249.6 -7920.61 0
77300 -249.919 -7935.46 0
77400 -250.29 -7881.73 0
77500 -249.569 -7925.49 0
77600 -249.558 -8008.07 0
77700 -248.77 -7976.63 0
77800 -249.827 -8017.44 0
77900 -249.665 -8006.59 0
78000 -248.516 -7969.71 0
78100 -248.554 -7976.85 0
78200 -248.298 -7965.75 0
78300 -248.972 -7998 0
78400 -249.508 -7974.73 0
78500 -250.091 -7915.68 0
78600 -250.145 -7935.8 0
78700 -251.032 -7952.71 0
78800 -249.465 -7956.94 0
78900 -250.177 -8000.6 0
79000 -250.067 -7989.27 0
79100 -249.762 -7942.01 0
79200 -249.098 -7897.05 0
79300 -247.968 -7829.18 0
79400 -247.904 -7885.78 0
79500 -249.056 -7928.99 0
79600 -248.753 -7903.33 0
79700 -250.654 -7897.22 0
79800 -249.592 -7959.46 0
79900 -249.153 -7963.2 0
80000 -246.402 -8016.53 0
80100 -247.619 -7993.58 0
80200 -247.905 -7955.01 0
80300 -248.871 -7967.08 0
80400 -249.512 -7940.51 0
80500 -247.314 -7956.36 0
80600 -248.799 -7911.86 0
80700 -248.375 -7924.84 0
80800 -247.172 -7968.91 0
80900 -247.993 -7962.57 0
81000 -249.57 -7931.55 0
81100 -249.136 -7872.54 0
81200 -248.97 -7882.52 0
81300 -249.357 -7979.39 0
81400 -248.053 -7944.66 0
81500 -247.956 -7914.21 0
81600 -248.83 -7931.55 0
81700 -250.144 -7901.19 0
81800 -249.733 -7891.73 0
81900 -248.614 -7885.3 0
82000 -249.533 -7952.08 0
82100 -249.166 -7986.24 0
82200 -249.596 -7913.46 0
82300 -249.305 -7911.62 0
82400 -249.657 -7941.99 0
82500 -249.301 -7904.32 0
82600 -248.886 -7911.28 0
82700 -248.25 -7891.89 0
82800 -248.296 -7898.71 0
82900 -246.983 -7892.37 0
83000 -247.443 -7858.13 0
83100 -247.631 -7924.63 0
83200 -248.853 -7864.21 0
83300 -247.568 -7876.81 0
83400 -248.023 -7848.2 0
83500 -248.095 -7848.23 0
83600 -248.649 -7869.65 0
83700 -247.681 -7917.78 0
83800 -245.435 -7915.79 0
83900 -246.735 -7911.2 0
84000 -246.612 -7909.05 0
84100 -245.982 -7912.41 0
84200 -246.581 -7847.83 0
84300 -247.464 -7811.42 0
84400 -248.104 -7888.87 0
84500 -249.263 -7930.05 0
84600 -248.522 -7952.26 0
84700 -248.449 -7883.98 0
84800 -246.056 -7836.76 0
84900 -248.112 -7828.73 0
85000 -249.883 -7843.21 0
85100 -247.827 -7857.57 0
85200 -249.088 -7927.47 0
85300 -249.941 -7841.7 0
85400 -248.765 -7815.1 0
85500 -248.988 -7872.88 0
85600 -246.939 -7808.85 0
85700 -245.107 -7883.74 0
85800 -246.455 -7871.48 0
85900 -247.598 -7816.69 0
86000 -248.202 -7853.71 0
86100 -248.94 -7936.77 0
86200 -248.98 -7926.09 0
86300 -248.414 -7923.87 0
86400 -247.409 -7864.79 0
86500 -248.201 -7890.89 0
86600 -249.836 -7879.45 0
86700 -247.705 -7862.8 0
86800 -247.498 -7887.28 0
86900 -248.872 -7862.02 0
87000 -249.617 -7824.89 0
87100 -249.428 -7886.47 0
87200 -249.7 -7834.36 0
87300 -250.319 -7866.32 0
87400 -248.809 -7889.43 0
87500 -247.741 -7926.54 0
87600 -248.518 -7912.27 0
87700 -248.736 -7938.37 0
87800 -249.804 -7954.86 0
87900 -248.871 -7872.91 0
88000 -247.079 -7826.11 0
88100 -247.94 -7866.61 0
88200 -246.94 -7901.55 0
88300 -246.598 -7911.82 0
88400 -247.183 -7885.87 0
88500 -246.651 -7835.22 0
88600 -247.996 -7915.64 0
88700 -247.569 -7879.09 0
88800 -246.848 -7874.33 0
88900 -248.367 -7918.6 0
89000 -248.122 -7915.32 0
89100 -248.109 -7907.59 0
89200 -248.765 -7937.65 0
89300 -249.627 -7921.76 0
89400 -247.65 -7851.29 0
89500 -247.237 -7880.39 0
89600 -246.952 -7852.37 0
89700 -247.278 -7904.59 0
89800 -247.146 -7940.66 0
89900 -244.651 -7891.53 0
90000 -245.63 -7815.14 0
90100 -247.224 -7852.52 0
90200 -247.796 -7887.78 0
90300 -248.426 -7917.68 0
90400 -249.433 -7974.64 0
90500 -248.334 -7922.51 0
90600 -248.185 -7788.7 0
90700 -248.462 -7855.83 0
90800 -247.965 -7902.62 0
90900 -247.209 -7884.52 0
91000 -246.704 -7875.44 0
91100 -248.418 -7941.05 0
91200 -249.196 -7901.34 0
91300 -246.729 -7945.94 0
91400 -248.126 -7919.23 0
91500 -247.157 -7915.32 0
91600 -246.58 -7972.53 0
91700 -245.355 -7954.8 0
91800 -248.048 -7924.75 0
91900 -248.143 -7829.06 0
92000 -248.565 -7899.73 0
92100 -248.311 -7849.66 0
92200 -247.751 -7812.29 0
92300 -247.369 -7890.82 0
92400 -248.937 -7922.46 0
92500 -247.119 -7856.78 0
92600 -249.342 -7870.14 0
92700 -249.689 -7901.72 0
92800 -250.103 -7957.67 0
92900 -249.943 -7962.59 0
93000 -251.132 -7908.35 0
93100 -251.934 -7874.58 0
93200 -250.651 -7924.97 0
93300 -249.804 -7914.51 0
93400 -249.01 -7873.94 0
93500 -249.824 -7897.08 0
93600 -248.971 -7916.76 0
93700 -248.733 -7903.12 0
93800 -248.329 -7925.63 0
93900 -247.435 -7860.47 0
94000 -249.787 -7888.82 0
94100 -249.821 -7950.68 0
94200 -248.645 -7945.01 0
94300 -246.696 -7936.19 0
94400 -247.203 -7999.64 0
94500 -247.16 -7939.34 0
94600 -248.663 -7924.98 0
94700 -247.429 -7905.8 0
94800 -245.84 -7825.68 0
94900 -246.644 -7867.01 0
95000 -246.781 -7923.43 0
95100 -246.549 -7958.68 0
95200 -245.928 -7891.18 0
95300 -246.843 -7899.99 0
95400 -247.205 -7918.14 0
95500 -247.749 -7907.24 0
95600 -248.604 -7827.81 0
95700 -247.528 -7850.48 0
95800 -248.279 -7933.77 0
95900 -248.923 -7955.3 0
96000 -250.131 -7924.41 0
96100 -248.908 -7926.03 0
96200 -250.389 -7895.15 0
96300 -248.702 -7876.88 0
96400 -248.481 -7935.76 0
96500 -248.442 -7924.53 0
96600 -247.728 -7918.19 0
96700 -247.928 -7865.62 0
96800 -248.913 -7911.44 0
96900 -247.616 -7942.21 0
97000 -248.086 -7955.13 0
97100 -245.116 -7907.1 0
97200 -245.747 -7861.74 0
97300 -245.95 -7825.54 0
97400 -245.75 -7887.34 0
97500 -246.134 -7926.24 0
97600 -247.653 -7917.12 0
97700 -247.714 -7925.9 0
97800 -248.236 -7935.31 0
97900 -246.73 -7887.67 0
98000 -246.593 -7875.36 0
98100 -247.781 -7908.85 0
98200 -249.51 -7883.96 0
98300 -249.582 -7888.8 0
98400 -248.108 -7929.5 0
98500 -247.444 -7942.74 0
98600 -249.604 -7844.86 0
98700 -248.881 -7844.76 0
98800 -250.144 -7856.86 0
98900 -250.033 -7824 0
99000 -249.023 -7866.74 0
99100 -248.934 -7904.62 0
99200 -247.831 -7889.16 0
99300 -249.417 -7864.66 0
99400 -249.085 -7872.9 0
99500 -249.631 -7912.29 0
99600 -249.512 -7892.85 0
99700 -248.807 -7890.82 0
99800 -248.011 -7851.41 0
99900 -248.677 -7852.35 0
100000 -249.95 -7861.52 0
