# Time-averaged data for fix msd_avg_B
# TimeStep c_msd_B[4]
0 0
100 0.199822
200 0.456864
300 0.753305
400 1.09533
500 1.4209
600 1.67034
700 1.89236
800 2.08745
900 2.28766
1000 2.47825
1100 2.65879
1200 2.90455
1300 3.13684
1400 3.36901
1500 3.60227
1600 3.86123
1700 4.12645
1800 4.44144
1900 4.68878
2000 5.01816
2100 5.3574
2200 5.72816
2300 6.03926
2400 6.32125
2500 6.73264
2600 7.00438
2700 7.25714
2800 7.54582
2900 7.81436
3000 8.00264
3100 8.46702
3200 8.8383
3300 9.13851
3400 9.34021
3500 9.6011
3600 9.67441
3700 9.92207
3800 10.2179
3900 10.4254
4000 10.71
4100 11.2336
4200 11.5749
4300 11.8734
4400 12.1706
4500 12.4218
4600 12.7062
4700 12.8943
4800 13.1822
4900 13.5703
5000 13.9071
5100 14.2189
5200 14.7069
5300 15.0667
5400 15.5163
5500 15.8674
5600 16.1354
5700 16.2649
5800 16.3652
5900 16.5345
6000 17.0066
6100 17.1889
6200 17.1767
6300 17.2421
6400 17.3986
6500 17.594
6600 17.8842
6700 18.2601
6800 18.6272
6900 18.6543
7000 18.8544
7100 19.1756
7200 19.8223
7300 20.0853
7400 20.2362
7500 20.4517
7600 20.5998
7700 21.1247
7800 21.4379
7900 21.7714
8000 22.2243
8100 22.7448
8200 23.1989
8300 23.6279
8400 24.0915
8500 24.2592
8600 24.4317
8700 24.8687
8800 25.3031
8900 25.5289
9000 25.594
9100 26.0468
9200 26.0885
9300 26.0861
9400 26.4975
9500 26.6873
9600 26.8178
9700 26.8309
9800 27.2821
9900 27.4277
10000 27.6815
10100 27.9887
10200 28.0253
10300 28.0633
10400 28.5193
10500 28.45
10600 28.6172
10700 29.1249
10800 29.5152
10900 29.8085
11000 30.4332
11100 30.619
11200 30.9472
11300 31.1492
11400 31.3036
11500 31.595
11600 31.642
11700 31.5838
11800 31.5858
11900 31.7665
12000 31.9337
12100 31.9883
12200 32.2379
12300 32.6037
12400 32.6198
12500 32.6626
12600 33.015
12700 33.4452
12800 33.6098
12900 33.9546
13000 34.2334
13100 34.4428
13200 34.5328
13300 34.6073
13400 35.1808
13500 35.1817
13600 35.1616
13700 35.4871
13800 35.636
13900 36.0274
14000 36.3603
14100 36.3814
14200 36.5979
14300 36.8533
14400 36.8455
14500 36.7201
14600 36.995
14700 37.301
14800 37.8133
14900 37.9011
15000 38.2935
15100 38.4482
15200 38.5006
15300 38.7735
15400 38.9324
15500 39.3838
15600 39.6784
15700 40.1437
15800 40.7272
15900 40.9952
16000 41.52
16100 42.2108
16200 42.5122
16300 43.218
16400 43.4789
16500 43.6899
16600 44.2182
16700 44.8493
16800 45.424
16900 45.3975
17000 45.686
17100 46.0258
17200 46.2936
17300 46.6892
17400 47.05
17500 47.5838
17600 47.808
17700 47.9355
17800 48.7062
17900 49.2219
18000 50.0584
18100 50.5023
18200 51.1181
18300 51.3271
18400 52.1074
18500 52.8072
18600 53.4945
18700 54.0631
18800 54.9196
18900 55.3655
19000 55.8645
19100 56.3348
19200 56.7893
19300 57.6759
19400 58.7965
19500 59.825
19600 60.6359
19700 61.5756
19800 62.378
19900 63.2428
20000 64.1333
20100 64.9746
20200 65.5944
20300 66.6353
20400 67.4538
20500 68.0388
20600 68.8079
20700 69.8218
20800 70.3202
20900 71.1605
21000 72.094
21100 72.7037
21200 73.5545
21300 74.0673
21400 74.3528
21500 75.1339
21600 76.0634
21700 76.9103
21800 77.3193
21900 78.0212
22000 78.7153
22100 79.105
22200 79.5394
22300 79.7549
22400 79.8881
22500 80.0824
22600 80.1873
22700 80.3981
22800 80.2866
22900 80.1838
23000 80.67
23100 81.203
23200 81.7794
23300 81.7475
23400 82.173
23500 82.9452
23600 83.7022
23700 84.0882
23800 84.2556
23900 84.5675
24000 85.0146
24100 85.7965
24200 86.819
24300 87.2755
24400 87.8697
24500 87.9607
24600 87.9626
24700 88.2731
24800 88.2304
24900 88.8365
25000 89.55
25100 89.7481
25200 90.112
25300 89.941
25400 90.2491
25500 90.1618
25600 90.2615
25700 90.2742
25800 90.4554
25900 90.585
26000 90.9013
26100 91.5604
26200 92.3911
26300 93.2266
26400 93.1777
26500 93.8753
26600 94.4996
26700 95.3268
26800 96.2752
26900 96.6321
27000 97.5501
27100 97.9582
27200 99.139
27300 100.474
27400 101.369
27500 102.398
27600 102.825
27700 103.41
27800 104.302
27900 104.952
28000 105.48
28100 105.94
28200 106.674
28300 107.424
28400 108.119
28500 109.011
28600 110.236
28700 111.385
28800 112.744
28900 113.395
29000 113.918
29100 114.37
29200 115.08
29300 116.128
29400 116.947
29500 117.739
29600 118.19
29700 118.592
29800 119.507
29900 120.095
30000 120.352
30100 121.014
30200 122.114
30300 122.734
30400 123.928
30500 125.146
30600 126
30700 126.587
30800 127.039
30900 127.224
31000 128.305
31100 130.179
31200 131.54
31300 133.123
31400 133.755
31500 134.373
31600 135.716
31700 136.628
31800 137.948
31900 139.586
32000 140.834
32100 141.526
32200 142.38
32300 143.349
32400 144.485
32500 145.463
32600 146.173
32700 146.439
32800 146.285
32900 146.74
33000 147.583
33100 147.797
33200 148.182
33300 149.129
33400 149.82
33500 150.139
33600 150.991
33700 151.354
33800 151.857
33900 152.685
34000 154.071
34100 154.787
34200 155.962
34300 156.579
34400 157.135
34500 157.414
34600 157.98
34700 158.705
34800 159.942
34900 160.809
35000 160.846
35100 161.148
35200 161.721
35300 162.395
35400 163.275
35500 164.121
35600 165.284
35700 166.788
35800 167.387
35900 168.443
36000 169.129
36100 169.886
36200 170.198
36300 171.118
36400 172.365
36500 173.243
36600 173.927
36700 174.757
36800 175.899
36900 176.543
37000 177.093
37100 177.653
37200 179.124
37300 180.437
37400 182.194
37500 183.728
37600 185.135
37700 186.282
37800 188.136
37900 189.511
38000 190.306
38100 191.676
38200 192.61
38300 192.736
38400 192.973
38500 193.215
38600 193.299
38700 193.487
38800 194.102
38900 194.808
39000 195.283
39100 195.759
39200 196.001
39300 196.975
39400 198.002
39500 198.713
39600 198.934
39700 199.571
39800 200.497
39900 201.421
40000 202.665
40100 203.585
40200 204.431
40300 205.163
40400 206.201
40500 207.354
40600 207.91
40700 208.228
40800 208.896
40900 209.803
41000 211.005
41100 211.964
41200 213.028
41300 214.753
41400 215.734
41500 216.565
41600 218.441
41700 219.722
41800 220.669
41900 221.34
42000 221.971
42100 222.856
42200 223.941
42300 225.557
42400 226.448
42500 227.08
42600 227.6
42700 227.882
42800 228.117
42900 229.279
43000 230.736
43100 232.185
43200 232.841
43300 233.651
43400 234.55
43500 235.282
43600 236.229
43700 236.907
43800 238.024
43900 238.941
44000 238.97
44100 238.501
44200 238.552
44300 238.972
44400 239.588
44500 240.037
44600 240.358
44700 241.192
44800 240.883
44900 240.423
45000 240.003
45100 240.089
45200 239.459
45300 239.484
45400 240.272
45500 241.17
45600 241.58
45700 240.669
45800 240.023
45900 240.793
46000 241.531
46100 241.547
46200 241.187
46300 241.967
46400 242.027
46500 242.59
46600 242.945
46700 243.097
46800 243.241
46900 243.698
47000 243.002
47100 241.687
47200 241.879
47300 242.209
47400 241.974
47500 242.288
47600 242.792
47700 243.471
47800 243.588
47900 242.813
48000 243.498
48100 244.026
48200 244.462
48300 243.791
48400 242.859
48500 242.804
48600 242.895
48700 242.58
48800 241.594
48900 240.654
49000 240.507
49100 240.469
49200 239.777
49300 239.056
49400 238.816
49500 239.368
49600 239.379
49700 239.56
49800 240.413
49900 241.409
50000 241.907
50100 241.285
50200 241.877
50300 241.95
50400 241.54
50500 241.906
50600 241.747
50700 241.287
50800 240.213
50900 240.658
51000 241.136
51100 242.054
51200 242.212
51300 242.735
51400 242.931
51500 242.924
51600 243.405
51700 243.619
51800 244.106
51900 243.99
52000 244.378
52100 244.275
52200 244.167
52300 244.479
52400 245.542
52500 246.162
52600 245.742
52700 245.599
52800 245.264
52900 245.146
53000 243.963
53100 242.62
53200 242.751
53300 242.932
53400 243.431
53500 244.352
53600 245.13
53700 246.428
53800 247.21
53900 247.42
54000 247.429
54100 246.735
54200 245.995
54300 246.526
54400 246.588
54500 246.058
54600 246.274
54700 246.027
54800 245.812
54900 245.874
55000 245.706
55100 245.893
55200 246.135
55300 246.784
55400 247.202
55500 247.845
55600 247.792
55700 248.204
55800 248.88
55900 249.252
56000 249.948
56100 249.893
56200 249.945
56300 250.596
56400 250.922
56500 251.766
56600 252.67
56700 253.877
56800 253.607
56900 253.43
57000 254.051
57100 253.384
57200 252.452
57300 251.751
57400 251.601
57500 251.063
57600 250.431
57700 249.926
57800 249.957
57900 249.976
58000 250.198
58100 250.113
58200 250.209
58300 250.906
58400 252.143
58500 252.659
58600 252.94
58700 252.474
58800 252.387
58900 252.648
59000 253.156
59100 253.809
59200 254.867
59300 255.543
59400 256.797
59500 258.657
59600 259.814
59700 260.007
59800 259.764
59900 260.786
60000 262.077
60100 262.92
60200 263.041
60300 263.912
60400 264.964
60500 265.774
60600 267.036
60700 267.827
60800 268.377
60900 269.366
61000 269.594
61100 269.922
61200 270.201
61300 270.566
61400 270.4
61500 270.686
61600 271.246
61700 271.551
61800 272.156
61900 272.535
62000 273.389
62100 274.645
62200 275.407
62300 275.403
62400 276.189
62500 276.934
62600 277.583
62700 277.777
62800 278.247
62900 279.257
63000 280.101
63100 281.166
63200 282.259
63300 283.142
63400 284.114
63500 284.238
63600 284.629
63700 285.094
63800 286.126
63900 286.683
64000 287.005
64100 287.462
64200 287.901
64300 288.284
64400 289.557
64500 290.105
64600 290.962
64700 292.128
64800 293.486
64900 293.396
65000 293.809
65100 293.373
65200 293.67
65300 293.081
65400 293.324
65500 293.645
65600 294.012
65700 294.041
65800 293.751
65900 294.319
66000 295.251
66100 295.12
66200 295.215
66300 297.16
66400 298.685
66500 300.125
66600 301.8
66700 303.285
66800 305.006
66900 306.286
67000 306.734
67100 306.459
67200 306.791
67300 306.737
67400 308.315
67500 309.679
67600 309.298
67700 308.7
67800 309.015
67900 310.545
68000 312.156
68100 314.018
68200 313.465
68300 313.238
68400 313.333
68500 314.02
68600 315.704
68700 316.383
68800 316.566
68900 317.357
69000 317.084
69100 316.94
69200 317.003
69300 316.395
69400 315.355
69500 314.492
69600 314.463
69700 314
69800 313.79
69900 313.296
70000 313.53
70100 312.841
70200 312.416
70300 312.86
70400 313.969
70500 314.417
70600 314.343
70700 313.798
70800 313.049
70900 313.723
71000 313.429
71100 313.37
71200 312.997
71300 312.846
71400 314.083
71500 313.761
71600 314.192
71700 314.647
71800 315.4
71900 315.585
72000 315.336
72100 315.096
72200 315.32
72300 313.953
72400 312.552
72500 312.153
72600 312.028
72700 312.759
72800 312.516
72900 311.772
73000 311.013
73100 311.436
73200 312.053
73300 312.076
73400 311.488
73500 311.43
73600 311.48
73700 312.387
73800 313.664
73900 314.688
74000 315.497
74100 315.731
74200 316.238
74300 316.532
74400 316.893
74500 316.537
74600 316.682
74700 318.152
74800 318.741
74900 318.493
75000 318.005
75100 318.656
75200 318.421
75300 318.942
75400 319.382
75500 318.978
75600 319.168
75700 318.727
75800 317.554
75900 316.881
76000 317.244
76100 316.925
76200 316.012
76300 314.981
76400 314.275
76500 313.601
76600 312.439
76700 311.353
76800 311.32
76900 312.015
77000 313.278
77100 314.382
77200 314.737
77300 315.628
77400 316.059
77500 315.189
77600 314.681
77700 314.976
77800 315.76
77900 316.382
78000 317.097
78100 318.138
78200 318.788
78300 319.629
78400 319.591
78500 320.384
78600 320.391
78700 321.098
78800 322.491
78900 323.698
79000 324.511
79100 324.525
79200 324.324
79300 326.016
79400 327.618
79500 327.504
79600 327.104
79700 326.899
79800 327.309
79900 326.819
80000 325.882
80100 323.99
80200 323.258
80300 322.785
80400 322.611
80500 322.611
80600 322.358
80700 322.22
80800 321.394
80900 321.032
81000 320.895
81100 321.478
81200 322.263
81300 322.736
81400 323.683
81500 323.468
81600 322.59
81700 323.071
81800 322.65
81900 322.376
82000 321.74
82100 322.607
82200 323.479
82300 324.381
82400 325.263
82500 324.788
82600 324.024
82700 324.44
82800 324.644
82900 325.029
83000 324.606
83100 325.786
83200 326.756
83300 326.929
83400 327.334
83500 328.167
83600 328.577
83700 329.2
83800 329.243
83900 328.846
84000 329.117
84100 329.541
84200 329.717
84300 329.89
84400 330.447
84500 330.174
84600 329.304
84700 329.289
84800 328.9
84900 328.358
85000 328.56
85100 328.273
85200 326.944
85300 326.596
85400 325.577
85500 325.255
85600 325.244
85700 325.691
85800 326.252
85900 325.926
86000 326.157
86100 325.436
86200 325.973
86300 327.357
86400 327.499
86500 327.554
86600 326.394
86700 326.735
86800 325.967
86900 326.284
87000 326.711
87100 325.805
87200 324.864
87300 324.48
87400 324.844
87500 324.378
87600 323.568
87700 323.276
87800 324.008
87900 324.158
88000 322.689
88100 322.006
88200 321.698
88300 320.444
88400 319.159
88500 318.449
88600 317.984
88700 317.154
88800 316.771
88900 318.209
89000 319.085
89100 318.92
89200 319.89
89300 320.782
89400 321.775
89500 322.617
89600 323.561
89700 325.026
89800 326.175
89900 326.178
90000 325.715
90100 324.661
90200 324.864
90300 324.824
90400 325.686
90500 325.648
90600 324.731
90700 324.954
90800 325.022
90900 324.681
91000 325.254
91100 324.959
91200 324.985
91300 325.112
91400 324.692
91500 323.412
91600 322.105
91700 320.852
91800 320.635
91900 320.234
92000 320.174
92100 320.486
92200 321.641
92300 322.209
92400 321.031
92500 321.133
92600 321.812
92700 321.99
92800 321.699
92900 321.361
93000 321.666
93100 322.454
93200 323.568
93300 323.716
93400 323.751
93500 323.481
93600 324.292
93700 325.723
93800 326.275
93900 326.831
94000 326.293
94100 327.016
94200 327.018
94300 326.897
94400 327.699
94500 328.138
94600 328.273
94700 328.066
94800 327.542
94900 328.507
95000 328.716
95100 328.22
95200 328.665
95300 329.255
95400 329.05
95500 328.588
95600 328.381
95700 327.043
95800 326.392
95900 325.197
96000 323.705
96100 322.834
96200 322.644
96300 322.786
96400 322.797
96500 322.546
96600 323.515
96700 324.008
96800 324.374
96900 323.328
97000 323.614
97100 323.777
97200 323.732
97300 324.844
97400 325.306
97500 325.563
97600 325.442
97700 324.954
97800 324.679
97900 325.952
98000 326.27
98100 325.986
98200 325.502
98300 324.448
98400 323.162
98500 321.788
98600 321.306
98700 321.435
98800 322.507
98900 322.061
99000 321.179
99100 320.469
99200 320.904
99300 320.505
99400 321.152
99500 322.483
99600 322.228
99700 321.517
99800 321.27
99900 321.837
100000 322.569
