# Time-averaged data for fix rg_avg_all
# TimeStep c_rg_all
0 25.8558
100 25.8602
200 25.869
300 25.8845
400 25.8926
500 25.8981
600 25.8943
700 25.8859
800 25.879
900 25.877
1000 25.893
1100 25.9105
1200 25.9096
1300 25.9147
1400 25.9165
1500 25.9181
1600 25.9127
1700 25.9053
1800 25.8963
1900 25.8865
2000 25.8715
2100 25.8665
2200 25.8535
2300 25.8627
2400 25.8575
2500 25.8512
2600 25.8423
2700 25.8082
2800 25.7761
2900 25.7607
3000 25.766
3100 25.7577
3200 25.7439
3300 25.7332
3400 25.7299
3500 25.7281
3600 25.7283
3700 25.7039
3800 25.6795
3900 25.669
4000 25.6664
4100 25.6622
4200 25.6582
4300 25.6444
4400 25.6433
4500 25.6335
4600 25.6471
4700 25.6521
4800 25.632
4900 25.6282
5000 25.6035
5100 25.6025
5200 25.6104
5300 25.6262
5400 25.6323
5500 25.6333
5600 25.6172
5700 25.6151
5800 25.6078
5900 25.5949
6000 25.5841
6100 25.5772
6200 25.5522
6300 25.5479
6400 25.5418
6500 25.5542
6600 25.5492
6700 25.5465
6800 25.5302
6900 25.5222
7000 25.5307
7100 25.5307
7200 25.5351
7300 25.5268
7400 25.502
7500 25.4843
7600 25.4827
7700 25.4627
7800 25.4513
7900 25.4418
8000 25.4482
8100 25.4398
8200 25.4332
8300 25.4319
8400 25.4155
8500 25.4204
8600 25.4492
8700 25.4733
8800 25.4796
8900 25.4838
9000 25.5029
9100 25.5004
9200 25.4966
9300 25.4938
9400 25.4994
9500 25.4971
9600 25.4909
9700 25.4945
9800 25.4952
9900 25.4962
10000 25.4866
10100 25.4739
10200 25.4528
10300 25.4427
10400 25.4308
10500 25.4119
10600 25.387
10700 25.3707
10800 25.3621
10900 25.3639
11000 25.3758
11100 25.3725
11200 25.3591
11300 25.3624
11400 25.3634
11500 25.3585
11600 25.3621
11700 25.3572
11800 25.3534
11900 25.3318
12000 25.3339
12100 25.3342
12200 25.3103
12300 25.2677
12400 25.2336
12500 25.225
12600 25.2261
12700 25.234
12800 25.259
12900 25.2802
13000 25.3058
13100 25.3248
13200 25.3232
13300 25.3287
13400 25.3392
13500 25.3392
13600 25.3555
13700 25.3679
13800 25.3678
13900 25.3726
14000 25.3838
14100 25.3803
14200 25.3847
14300 25.3902
14400 25.3881
14500 25.3961
14600 25.3989
14700 25.4087
14800 25.4169
14900 25.4284
15000 25.4413
15100 25.4507
15200 25.4591
15300 25.465
15400 25.4789
15500 25.4992
15600 25.5023
15700 25.5111
15800 25.5205
15900 25.5309
16000 25.5435
16100 25.5511
16200 25.5458
16300 25.5334
16400 25.5226
16500 25.506
16600 25.4925
16700 25.4938
16800 25.5027
16900 25.5022
17000 25.4988
17100 25.5062
17200 25.5245
17300 25.5316
17400 25.5403
17500 25.5306
17600 25.5243
17700 25.523
17800 25.5284
17900 25.5402
18000 25.5614
18100 25.5857
18200 25.5869
18300 25.6044
18400 25.6063
18500 25.6288
18600 25.6358
18700 25.6338
18800 25.6481
18900 25.65
19000 25.6443
19100 25.6307
19200 25.6249
19300 25.6225
19400 25.6122
19500 25.622
19600 25.6211
19700 25.627
19800 25.6264
19900 25.6331
20000 25.6252
20100 25.6351
20200 25.6454
20300 25.6619
20400 25.6591
20500 25.6583
20600 25.6818
20700 25.7221
20800 25.7324
20900 25.7506
21000 25.7679
21100 25.783
21200 25.7932
21300 25.8026
21400 25.8021
21500 25.7982
21600 25.7873
21700 25.8036
21800 25.7937
21900 25.7979
22000 25.8049
22100 25.817
22200 25.8272
22300 25.8535
22400 25.8736
22500 25.8649
22600 25.8651
22700 25.8827
22800 25.888
22900 25.9028
23000 25.922
23100 25.9227
23200 25.9223
23300 25.9154
23400 25.8986
23500 25.8904
23600 25.8935
23700 25.8857
23800 25.875
23900 25.8746
24000 25.8761
24100 25.8779
24200 25.8937
24300 25.9044
24400 25.9245
24500 25.9287
24600 25.9402
24700 25.9432
24800 25.9416
24900 25.9457
25000 25.9516
25100 25.9561
25200 25.9559
25300 25.9429
25400 25.9495
25500 25.952
25600 25.9695
25700 25.9966
25800 26.0008
25900 26.0113
26000 26.015
26100 26.0064
26200 26.0282
26300 26.0578
26400 26.0727
26500 26.0904
26600 26.1208
26700 26.1316
26800 26.1706
26900 26.1896
27000 26.2124
27100 26.2281
27200 26.2563
27300 26.277
27400 26.283
27500 26.2974
27600 26.3186
27700 26.3265
27800 26.3216
27900 26.3193
28000 26.3254
28100 26.3373
28200 26.3613
28300 26.3773
28400 26.3923
28500 26.4034
28600 26.4203
28700 26.4326
28800 26.4318
28900 26.445
29000 26.457
29100 26.4641
29200 26.4862
29300 26.5158
29400 26.5298
29500 26.5299
29600 26.5358
29700 26.5455
29800 26.5622
29900 26.5801
30000 26.6043
30100 26.628
30200 26.6389
30300 26.6656
30400 26.6728
30500 26.6863
30600 26.7048
30700 26.7216
30800 26.7217
30900 26.7185
31000 26.725
31100 26.7275
31200 26.7401
31300 26.7676
31400 26.7942
31500 26.8026
31600 26.8266
31700 26.8407
31800 26.8663
31900 26.889
32000 26.906
32100 26.9183
32200 26.9432
32300 26.9687
32400 26.9874
32500 27.007
32600 27.0138
32700 27.0172
32800 27.043
32900 27.0745
33000 27.0946
33100 27.1088
33200 27.1179
33300 27.1326
33400 27.1487
33500 27.1467
33600 27.1486
33700 27.1381
33800 27.1437
33900 27.1624
34000 27.1795
34100 27.1841
34200 27.1968
34300 27.1933
34400 27.1877
34500 27.1837
34600 27.1938
34700 27.2189
34800 27.2371
34900 27.2506
35000 27.241
35100 27.2394
35200 27.2293
35300 27.2119
35400 27.2049
35500 27.214
35600 27.2094
35700 27.2205
35800 27.2204
35900 27.222
36000 27.24
36100 27.2486
36200 27.2537
36300 27.2663
36400 27.2768
36500 27.2849
36600 27.2942
36700 27.2902
36800 27.2856
36900 27.3038
37000 27.3265
37100 27.3389
37200 27.355
37300 27.3734
37400 27.3903
37500 27.4045
37600 27.4129
37700 27.4339
37800 27.4448
37900 27.4647
38000 27.466
38100 27.4654
38200 27.4756
38300 27.4742
38400 27.4812
38500 27.4703
38600 27.4635
38700 27.4588
38800 27.4542
38900 27.4636
39000 27.4634
39100 27.4812
39200 27.4874
39300 27.4984
39400 27.505
39500 27.512
39600 27.4984
39700 27.4941
39800 27.496
39900 27.5074
40000 27.52
40100 27.5389
40200 27.55
40300 27.5552
40400 27.5454
40500 27.5747
40600 27.5889
40700 27.5912
40800 27.6087
40900 27.6311
41000 27.6298
41100 27.6293
41200 27.6472
41300 27.6753
41400 27.6843
41500 27.7059
41600 27.7216
41700 27.7186
41800 27.7204
41900 27.7109
42000 27.7038
42100 27.7076
42200 27.7247
42300 27.7243
42400 27.7298
42500 27.7281
42600 27.7235
42700 27.7237
42800 27.7148
42900 27.7186
43000 27.7233
43100 27.742
43200 27.7474
43300 27.7539
43400 27.7572
43500 27.7535
43600 27.7535
43700 27.7672
43800 27.789
43900 27.7936
44000 27.7887
44100 27.7739
44200 27.7655
44300 27.771
44400 27.7696
44500 27.7808
44600 27.7952
44700 27.7969
44800 27.7806
44900 27.7762
45000 27.7681
45100 27.7574
45200 27.7282
45300 27.7097
45400 27.7065
45500 27.7109
45600 27.7121
45700 27.7065
45800 27.6955
45900 27.6812
46000 27.6638
46100 27.6525
46200 27.6316
46300 27.6115
46400 27.5978
46500 27.5802
46600 27.5775
46700 27.5751
46800 27.5615
46900 27.5563
47000 27.535
47100 27.5188
47200 27.5134
47300 27.4977
47400 27.4852
47500 27.4762
47600 27.4836
47700 27.4886
47800 27.4721
47900 27.4548
48000 27.4474
48100 27.4437
48200 27.4422
48300 27.4236
48400 27.4173
48500 27.4218
48600 27.4148
48700 27.4122
48800 27.3787
48900 27.3528
49000 27.3287
49100 27.312
49200 27.2929
49300 27.2556
49400 27.255
49500 27.2476
49600 27.225
49700 27.2183
49800 27.2145
49900 27.2168
50000 27.2001
50100 27.1633
50200 27.1526
50300 27.1328
50400 27.1136
50500 27.102
50600 27.0833
50700 27.0784
50800 27.0553
50900 27.0286
51000 27.0131
51100 26.9847
51200 26.9578
51300 26.9445
51400 26.9393
51500 26.9293
51600 26.9323
51700 26.9312
51800 26.9324
51900 26.9264
52000 26.931
52100 26.9279
52200 26.9383
52300 26.9392
52400 26.9383
52500 26.9306
52600 26.9063
52700 26.8696
52800 26.8487
52900 26.8353
53000 26.8193
53100 26.7986
53200 26.7817
53300 26.7765
53400 26.775
53500 26.7781
53600 26.7794
53700 26.7762
53800 26.7821
53900 26.7855
54000 26.7908
54100 26.783
54200 26.7589
54300 26.7649
54400 26.742
54500 26.707
54600 26.696
54700 26.69
54800 26.6785
54900 26.6684
55000 26.6693
55100 26.6507
55200 26.6294
55300 26.6041
55400 26.6021
55500 26.5982
55600 26.5976
55700 26.5798
55800 26.569
55900 26.5554
56000 26.5542
56100 26.5468
56200 26.533
56300 26.5168
56400 26.5097
56500 26.5088
56600 26.5118
56700 26.493
56800 26.4525
56900 26.4114
57000 26.3968
57100 26.3736
57200 26.3629
57300 26.3435
57400 26.3091
57500 26.2822
57600 26.2565
57700 26.2339
57800 26.2277
57900 26.217
58000 26.207
58100 26.1952
58200 26.1852
58300 26.2
58400 26.1855
58500 26.1718
58600 26.1533
58700 26.1231
58800 26.114
58900 26.093
59000 26.0792
59100 26.0622
59200 26.0372
59300 26.0111
59400 25.9869
59500 25.9784
59600 25.963
59700 25.9341
59800 25.9128
59900 25.9131
60000 25.923
60100 25.8961
60200 25.8543
60300 25.8365
60400 25.8351
60500 25.8265
60600 25.8028
60700 25.7843
60800 25.7783
60900 25.773
61000 25.7694
61100 25.7582
61200 25.7373
61300 25.7232
61400 25.7076
61500 25.6958
61600 25.6876
61700 25.6618
61800 25.6236
61900 25.5935
62000 25.5672
62100 25.5566
62200 25.5491
62300 25.5516
62400 25.5502
62500 25.5603
62600 25.5596
62700 25.5541
62800 25.5536
62900 25.5368
63000 25.5249
63100 25.5225
63200 25.5189
63300 25.5187
63400 25.5245
63500 25.5231
63600 25.5322
63700 25.5253
63800 25.5219
63900 25.518
64000 25.4944
64100 25.4753
64200 25.473
64300 25.4768
64400 25.4879
64500 25.482
64600 25.4731
64700 25.4773
64800 25.4855
64900 25.4899
65000 25.4931
65100 25.5012
65200 25.4899
65300 25.4724
65400 25.462
65500 25.4834
65600 25.4851
65700 25.4821
65800 25.4887
65900 25.4846
66000 25.4882
66100 25.4691
66200 25.4611
66300 25.4633
66400 25.4725
66500 25.4685
66600 25.5025
66700 25.5104
66800 25.5206
66900 25.5273
67000 25.5134
67100 25.5074
67200 25.5162
67300 25.5305
67400 25.5408
67500 25.5432
67600 25.5378
67700 25.5485
67800 25.5487
67900 25.5684
68000 25.5841
68100 25.6152
68200 25.6216
68300 25.6127
68400 25.6061
68500 25.6006
68600 25.5951
68700 25.5802
68800 25.5838
68900 25.5724
69000 25.536
69100 25.5005
69200 25.4795
69300 25.4527
69400 25.4288
69500 25.408
69600 25.4135
69700 25.409
69800 25.3864
69900 25.3592
70000 25.3562
70100 25.3422
70200 25.327
70300 25.3267
70400 25.3463
70500 25.366
70600 25.3694
70700 25.3566
70800 25.3369
70900 25.3328
71000 25.3127
71100 25.2961
71200 25.3049
71300 25.3277
71400 25.3553
71500 25.3452
71600 25.3446
71700 25.3429
71800 25.3251
71900 25.3037
72000 25.2891
72100 25.2753
72200 25.2901
72300 25.2937
72400 25.2972
72500 25.289
72600 25.2794
72700 25.2773
72800 25.2744
72900 25.2686
73000 25.2659
73100 25.2824
73200 25.3084
73300 25.3074
73400 25.2979
73500 25.2907
73600 25.2874
73700 25.2835
73800 25.2823
73900 25.2777
74000 25.2755
74100 25.2818
74200 25.2907
74300 25.3001
74400 25.3195
74500 25.3292
74600 25.3201
74700 25.3328
74800 25.3326
74900 25.3426
75000 25.3452
75100 25.3537
75200 25.3521
75300 25.3649
75400 25.3732
75500 25.3699
75600 25.3616
75700 25.3503
75800 25.3526
75900 25.3531
76000 25.3705
76100 25.3905
76200 25.3842
76300 25.3742
76400 25.3611
76500 25.3491
76600 25.3408
76700 25.3481
76800 25.3617
76900 25.378
77000 25.3967
77100 25.4212
77200 25.4418
77300 25.4469
77400 25.4475
77500 25.4431
77600 25.4532
77700 25.4673
77800 25.484
77900 25.4949
78000 25.5116
78100 25.5192
78200 25.5284
78300 25.541
78400 25.5285
78500 25.5182
78600 25.5183
78700 25.5174
78800 25.5298
78900 25.5308
79000 25.528
79100 25.5167
79200 25.5223
79300 25.5428
79400 25.5582
79500 25.5355
79600 25.553
79700 25.5587
79800 25.5651
79900 25.5675
80000 25.5694
80100 25.5404
80200 25.514
80300 25.49
80400 25.4714
80500 25.4577
80600 25.4355
80700 25.4316
80800 25.4299
80900 25.4454
81000 25.4499
81100 25.4607
81200 25.4663
81300 25.4765
81400 25.483
81500 25.4685
81600 25.4531
81700 25.4646
81800 25.4712
81900 25.4773
82000 25.4829
82100 25.4995
82200 25.5074
82300 25.512
82400 25.51
82500 25.4918
82600 25.463
82700 25.4609
82800 25.4588
82900 25.4664
83000 25.4744
83100 25.4902
83200 25.4995
83300 25.508
83400 25.5009
83500 25.5055
83600 25.5143
83700 25.5199
83800 25.5355
83900 25.5556
84000 25.5674
84100 25.5649
84200 25.5705
84300 25.5807
84400 25.5836
84500 25.5658
84600 25.5814
84700 25.5796
84800 25.597
84900 25.6004
85000 25.6111
85100 25.632
85200 25.6284
85300 25.6198
85400 25.5979
85500 25.5801
85600 25.5648
85700 25.5662
85800 25.5568
85900 25.5605
86000 25.5715
86100 25.5806
86200 25.5951
86300 25.6198
86400 25.6304
86500 25.6353
86600 25.6381
86700 25.645
86800 25.6416
86900 25.6472
87000 25.6382
87100 25.6317
87200 25.6227
87300 25.6113
87400 25.6005
87500 25.5943
87600 25.5703
87700 25.5796
87800 25.5897
87900 25.5753
88000 25.567
88100 25.5611
88200 25.5638
88300 25.5501
88400 25.5359
88500 25.5518
88600 25.5562
88700 25.5641
88800 25.5638
88900 25.5877
89000 25.605
89100 25.6076
89200 25.6128
89300 25.6403
89400 25.6701
89500 25.6877
89600 25.6929
89700 25.7081
89800 25.7197
89900 25.7123
90000 25.7025
90100 25.69
90200 25.6826
90300 25.6906
90400 25.6964
90500 25.6914
90600 25.6873
90700 25.6856
90800 25.6648
90900 25.6646
91000 25.67
91100 25.6877
91200 25.7127
91300 25.7269
91400 25.7258
91500 25.6966
91600 25.6897
91700 25.6827
91800 25.6728
91900 25.661
92000 25.6699
92100 25.6867
92200 25.6926
92300 25.7129
92400 25.7095
92500 25.7229
92600 25.7462
92700 25.7653
92800 25.7841
92900 25.7964
93000 25.8056
93100 25.8195
93200 25.8278
93300 25.8432
93400 25.8645
93500 25.8623
93600 25.8707
93700 25.8558
93800 25.8399
93900 25.8464
94000 25.8493
94100 25.8704
94200 25.8744
94300 25.8643
94400 25.8596
94500 25.8739
94600 25.881
94700 25.8932
94800 25.9116
94900 25.9205
95000 25.9389
95100 25.936
95200 25.9424
95300 25.9471
95400 25.9625
95500 25.9424
95600 25.9221
95700 25.9034
95800 25.8834
95900 25.865
96000 25.8362
96100 25.7989
96200 25.7747
96300 25.7481
96400 25.7509
96500 25.7458
96600 25.7513
96700 25.7556
96800 25.772
96900 25.7682
97000 25.7696
97100 25.7904
97200 25.8076
97300 25.827
97400 25.8362
97500 25.8473
97600 25.8451
97700 25.8467
97800 25.8611
97900 25.8869
98000 25.8967
98100 25.8989
98200 25.8862
98300 25.886
98400 25.8942
98500 25.88
98600 25.8862
98700 25.9108
98800 25.9319
98900 25.9304
99000 25.9329
99100 25.9245
99200 25.9071
99300 25.9077
99400 25.9065
99500 25.9085
99600 25.8917
99700 25.8801
99800 25.8616
99900 25.8615
100000 25.8685
