# Time-averaged data for fix msd_avg_B
# TimeStep c_msd_B[4]
0 2.52611e-29
100 0.238043
200 0.495716
300 0.78387
400 0.974234
500 1.15623
600 1.36188
700 1.57871
800 1.75003
900 1.94344
1000 2.17961
1100 2.42706
1200 2.66192
1300 2.89502
1400 3.0406
1500 3.20032
1600 3.34147
1700 3.50688
1800 3.63486
1900 3.7711
2000 3.76565
2100 3.86898
2200 3.94049
2300 4.00096
2400 4.09125
2500 4.27361
2600 4.40528
2700 4.50036
2800 4.63248
2900 4.71737
3000 4.94497
3100 5.11338
3200 5.2956
3300 5.53351
3400 5.60412
3500 5.69856
3600 5.83762
3700 5.9217
3800 6.01965
3900 6.23462
4000 6.40475
4100 6.5535
4200 6.72015
4300 6.8445
4400 6.93188
4500 6.99708
4600 7.14263
4700 7.35434
4800 7.48577
4900 7.65495
5000 7.80056
5100 7.79282
5200 7.75552
5300 7.74664
5400 7.79877
5500 7.85464
5600 7.98786
5700 8.11985
5800 8.19187
5900 8.27687
6000 8.49914
6100 8.72026
6200 8.85146
6300 9.00322
6400 9.06943
6500 9.14936
6600 9.26463
6700 9.32415
6800 9.43913
6900 9.50772
7000 9.67179
7100 9.89775
7200 9.9916
7300 10.2009
7400 10.4194
7500 10.554
7600 10.5785
7700 10.473
7800 10.5065
7900 10.6235
8000 10.6944
8100 10.8506
8200 11.1011
8300 11.1736
8400 11.3282
8500 11.5587
8600 11.7243
8700 11.8569
8800 12.0466
8900 12.4359
9000 12.7256
9100 13.0202
9200 13.2306
9300 13.5283
9400 13.7861
9500 14.0548
9600 14.1552
9700 14.3305
9800 14.4785
9900 14.7598
10000 15.0608
10100 15.2052
10200 15.3204
10300 15.5235
10400 15.7803
10500 15.8894
10600 15.9537
10700 16.0925
10800 16.3253
10900 16.317
11000 16.3324
11100 16.4665
11200 16.7029
11300 16.5804
11400 16.6054
11500 16.5881
11600 16.5952
11700 16.5874
11800 16.6289
11900 16.7325
12000 16.9168
12100 16.9425
12200 17.1183
12300 17.1161
12400 17.1573
12500 17.1962
12600 17.4009
12700 17.4426
12800 17.5745
12900 17.45
13000 17.4801
13100 17.6042
13200 17.5053
13300 17.4664
13400 17.5211
13500 17.5339
13600 17.4893
13700 17.5467
13800 17.6402
13900 17.9675
14000 18.1346
14100 18.3962
14200 18.5178
14300 18.7135
14400 18.7924
14500 18.6877
14600 18.6619
14700 18.8402
14800 19.0002
14900 19.1525
15000 19.4124
15100 19.5145
15200 19.5722
15300 19.6461
15400 19.7735
15500 19.789
15600 19.8598
15700 20.0111
15800 20.1951
15900 20.3391
16000 20.2531
16100 20.3467
16200 20.4388
16300 20.5885
16400 20.6243
16500 20.5717
16600 20.5236
16700 20.4803
16800 20.5216
16900 20.8167
17000 21.0407
17100 21.1
17200 21.2029
17300 21.3982
17400 21.7865
17500 22.1295
17600 22.2977
17700 22.3981
17800 22.3204
17900 22.2764
18000 22.369
18100 22.6344
18200 22.9656
18300 23.2685
18400 23.2841
18500 23.4217
18600 23.564
18700 23.7508
18800 23.9909
18900 24.3951
19000 24.4624
19100 24.7369
19200 25.006
19300 25.0988
19400 25.1305
19500 25.3503
19600 25.6334
19700 25.7557
19800 25.7722
19900 25.8768
20000 25.9641
20100 26.2324
20200 26.4029
20300 26.7338
20400 26.9452
20500 27.1573
20600 27.392
20700 27.8328
20800 28.0332
20900 28.2371
21000 28.2969
21100 28.2786
21200 28.3343
21300 28.3765
21400 28.6329
21500 28.9954
21600 29.4394
21700 29.7154
21800 29.878
21900 30.0009
22000 30.0967
22100 30.0885
22200 30.2931
22300 30.6426
22400 31.0767
22500 31.4978
22600 31.7682
22700 31.8179
22800 32.0227
22900 32.1737
23000 32.0439
23100 31.7681
23200 32.0239
23300 32.2062
23400 32.2523
23500 32.3618
23600 32.3579
23700 32.4478
23800 32.6753
23900 32.8823
24000 32.9606
24100 33.07
24200 33.3619
24300 33.6677
24400 33.6866
24500 33.5828
24600 33.7914
24700 34.0337
24800 34.0011
24900 34.1977
25000 34.1947
25100 34.269
25200 34.4962
25300 34.8395
25400 35.1017
25500 35.5457
25600 35.907
25700 36.3039
25800 36.6704
25900 37.0539
26000 37.1009
26100 37.3873
26200 37.7891
26300 38.1364
26400 38.1211
26500 37.9935
26600 38.0694
26700 38.1094
26800 38.2678
26900 38.2541
27000 38.4565
27100 38.738
27200 39.0151
27300 39.3546
27400 39.6513
27500 39.9449
27600 40.2801
27700 40.4729
27800 40.9086
27900 41.4738
28000 41.7384
28100 42.0387
28200 42.3408
28300 42.3651
28400 42.514
28500 42.5881
28600 42.5987
28700 42.7397
28800 42.9848
28900 43.0394
29000 43.1331
29100 43.3033
29200 43.4827
29300 43.4686
29400 43.3219
29500 43.5263
29600 43.7702
29700 44.0558
29800 44.1656
29900 44.4912
30000 44.6704
30100 44.6908
30200 44.7221
30300 45.0071
30400 45.3262
30500 45.7641
30600 45.9191
30700 46.0552
30800 46.0043
30900 46.0528
31000 46.1097
31100 46.5477
31200 46.7304
31300 46.8205
31400 46.7888
31500 46.7372
31600 46.422
31700 46.3062
31800 46.2364
31900 46.1423
32000 46.4009
32100 46.3608
32200 46.1265
32300 46.3261
32400 46.5234
32500 46.3265
32600 46.1852
32700 46.3072
32800 46.4006
32900 46.3822
33000 46.3426
33100 46.1957
33200 46.2257
33300 46.0328
33400 45.7801
33500 45.8751
33600 46.1121
33700 46.2911
33800 46.0023
33900 46.2486
34000 46.2903
34100 46.1958
34200 46.0975
34300 46.3566
34400 46.701
34500 46.8513
34600 47.0388
34700 47.1606
34800 47.3354
34900 47.6817
35000 48.0196
35100 48.1969
35200 48.2912
35300 48.4103
35400 48.6812
35500 48.6135
35600 48.6765
35700 48.8063
35800 49.104
35900 49.1152
36000 49.2339
36100 49.4907
36200 49.5366
36300 49.6621
36400 49.7244
36500 49.8821
36600 50.2539
36700 50.3871
36800 50.5638
36900 50.7812
37000 50.7482
37100 50.7212
37200 50.4937
37300 50.352
37400 50.5673
37500 50.8668
37600 50.9696
37700 51.346
37800 51.5203
37900 51.5121
38000 51.571
38100 51.6639
38200 51.6157
38300 51.6787
38400 51.6777
38500 51.7047
38600 51.7174
38700 51.8901
38800 52.1467
38900 52.6357
39000 52.9819
39100 53.4166
39200 53.8646
39300 54.1462
39400 54.5689
39500 54.845
39600 54.9229
39700 54.9861
39800 55.0237
39900 55.3262
40000 55.8554
40100 55.9597
40200 56.2618
40300 56.6333
40400 56.9607
40500 57.2496
40600 57.4044
40700 57.709
40800 57.7022
40900 58.0278
41000 58.2138
41100 58.4208
41200 58.5976
41300 58.5354
41400 58.6039
41500 58.8439
41600 59.3633
41700 59.6892
41800 59.8356
41900 60.1162
42000 60.3981
42100 60.6133
42200 60.7681
42300 60.8043
42400 61.0396
42500 61.3255
42600 61.5331
42700 61.8404
42800 61.9423
42900 62.2444
43000 62.4421
43100 62.6886
43200 63.2512
43300 63.6883
43400 64.4189
43500 64.4497
43600 64.0434
43700 64.3833
43800 64.7256
43900 64.942
44000 65.0657
44100 65.2713
44200 65.3561
44300 65.7888
44400 66.2672
44500 66.7344
44600 66.6853
44700 66.7293
44800 67.1845
44900 67.5684
45000 67.7955
45100 68.2735
45200 68.7869
45300 69.2401
45400 69.2523
45500 69.1032
45600 68.8333
45700 69.0936
45800 69.4788
45900 69.7916
46000 70.2225
46100 70.3814
46200 70.4607
46300 70.5897
46400 70.7965
46500 70.6772
46600 71.0535
46700 70.9759
46800 71.1569
46900 71.4449
47000 71.6853
47100 72.3378
47200 72.7872
47300 73.1623
47400 73.4668
47500 73.821
47600 73.7438
47700 73.3494
47800 73.0873
47900 72.8974
48000 72.8604
48100 73.1172
48200 73.6029
48300 74.3322
48400 74.7073
48500 75.2265
48600 75.6682
48700 75.8322
48800 76.3298
48900 76.7052
49000 77.3666
49100 77.6616
49200 78.0385
49300 78.5714
49400 78.9878
49500 79.313
49600 79.4655
49700 79.689
49800 79.7547
49900 79.7951
50000 80.0675
50100 80.3814
50200 80.8366
50300 80.9583
50400 80.8585
50500 80.634
50600 80.7652
50700 80.7255
50800 80.9539
50900 81.0451
51000 81.3307
51100 81.7969
51200 82.0243
51300 82.2203
51400 82.4736
51500 82.6358
51600 82.9493
51700 83.0115
51800 83.0666
51900 83.6072
52000 84.3174
52100 84.6224
52200 84.3892
52300 84.1559
52400 84.3434
52500 84.3549
52600 84.2921
52700 84.0495
52800 84.0799
52900 83.967
53000 83.4775
53100 83.7473
53200 83.6396
53300 83.4221
53400 83.2929
53500 83.2054
53600 83.206
53700 83.3092
53800 83.5337
53900 83.3102
54000 83.3877
54100 83.5106
54200 83.7373
54300 83.886
54400 84.0379
54500 84.207
54600 84.3833
54700 84.1863
54800 84.1795
54900 83.799
55000 83.7438
55100 83.5542
55200 83.4608
55300 83.9274
55400 83.7955
55500 83.5605
55600 83.4394
55700 82.8761
55800 82.1778
55900 82.0222
56000 81.7057
56100 81.2817
56200 80.8706
56300 80.8856
56400 81.3415
56500 81.3553
56600 81.2658
56700 81.4476
56800 81.2497
56900 81.2068
57000 80.9998
57100 80.9
57200 81.0552
57300 81.2926
57400 81.3334
57500 81.1432
57600 81.1085
57700 81.4342
57800 81.8108
57900 81.8657
58000 81.5411
58100 81.5092
58200 81.5234
58300 81.6932
58400 81.6422
58500 81.3191
58600 81.1566
58700 81.6822
58800 81.5857
58900 81.2701
59000 81.5094
59100 81.7568
59200 81.6722
59300 81.7363
59400 81.8077
59500 82.0357
59600 82.1483
59700 82.0917
59800 82.0565
59900 81.9956
60000 81.6056
60100 81.2151
60200 81.3526
60300 81.3496
60400 81.4707
60500 81.637
60600 81.4617
60700 81.841
60800 82.2939
60900 82.5342
61000 82.5892
61100 82.7615
61200 82.9704
61300 83.0879
61400 83.1247
61500 83.1396
61600 83.1772
61700 82.9243
61800 82.5681
61900 82.6071
62000 82.9682
62100 83.2102
62200 83.4615
62300 83.5988
62400 83.301
62500 83.5603
62600 83.7487
62700 83.9728
62800 84.1764
62900 84.5754
63000 84.7842
63100 84.6512
63200 84.5159
63300 84.4055
63400 84.3046
63500 83.879
63600 83.2256
63700 82.7446
63800 83.0124
63900 83.2768
64000 83.4397
64100 83.6796
64200 83.8297
64300 83.619
64400 83.5919
64500 83.8879
64600 83.8729
64700 83.901
64800 84.068
64900 83.995
65000 84.2653
65100 84.2629
65200 84.2998
65300 84.1918
65400 84.2266
65500 84.9168
65600 85.4136
65700 85.7359
65800 85.9927
65900 86.1371
66000 86.4308
66100 86.7838
66200 86.7483
66300 86.6932
66400 86.7491
66500 86.8178
66600 86.9135
66700 87.3717
66800 87.6202
66900 87.549
67000 87.7918
67100 88.2936
67200 88.5245
67300 89.2018
67400 89.4373
67500 89.5511
67600 89.7222
67700 89.3456
67800 89.2535
67900 89.2289
68000 89.4973
68100 89.3926
68200 89.661
68300 89.9519
68400 89.8546
68500 89.6119
68600 89.793
68700 90.2785
68800 90.4138
68900 90.8889
69000 91.1203
69100 91.3323
69200 91.4124
69300 91.4865
69400 91.6416
69500 91.8568
69600 92.3327
69700 92.6731
69800 92.3712
69900 92.8176
70000 93.3145
70100 93.7947
70200 93.8124
70300 93.6692
70400 93.9328
70500 94.0565
70600 93.9796
70700 93.7157
70800 93.6999
70900 94.1097
71000 94.9492
71100 95.6072
71200 95.6618
71300 95.303
71400 95.7465
71500 96.0592
71600 96.3868
71700 96.328
71800 95.9927
71900 96.2559
72000 96.716
72100 97.1166
72200 97.8915
72300 98.4011
72400 98.5009
72500 98.9
72600 99.4268
72700 99.8313
72800 99.9231
72900 99.9118
73000 99.941
73100 100.676
73200 101.151
73300 101.565
73400 101.504
73500 101.163
73600 100.995
73700 100.858
73800 101.095
73900 100.932
74000 101.278
74100 101.669
74200 101.332
74300 101.309
74400 101.389
74500 101.364
74600 101.042
74700 100.717
74800 100.875
74900 101.105
75000 101.393
75100 100.972
75200 100.306
75300 100.105
75400 100.497
75500 100.718
75600 100.219
75700 100.177
75800 100.78
75900 100.803
76000 100.781
76100 100.458
76200 100.3
76300 100.345
76400 100.485
76500 100.741
76600 100.575
76700 99.9525
76800 99.6367
76900 99.5445
77000 99.269
77100 99.1846
77200 99.4429
77300 98.993
77400 98.5584
77500 98.7072
77600 98.579
77700 98.2285
77800 98.2623
77900 98.4008
78000 98.5446
78100 98.2808
78200 98.3716
78300 98.291
78400 98.2813
78500 98.4553
78600 98.17
78700 97.7239
78800 97.5043
78900 97.163
79000 97.3177
79100 97.3383
79200 96.8154
79300 96.6758
79400 96.2001
79500 95.7276
79600 95.9709
79700 96.1326
79800 96.1855
79900 96.1186
80000 95.6446
80100 95.6468
80200 95.8133
80300 95.9077
80400 95.9485
80500 96.1196
80600 95.873
80700 95.7433
80800 95.5313
80900 95.141
81000 94.6047
81100 94.4402
81200 94.4595
81300 94.586
81400 94.7561
81500 94.8802
81600 95.3314
81700 95.7578
81800 96.1612
81900 95.9643
82000 95.6259
82100 95.4174
82200 95.1957
82300 95.3312
82400 95.576
82500 95.2135
82600 94.463
82700 93.9326
82800 94.2417
82900 94.3934
83000 94.4805
83100 94.1025
83200 94.0927
83300 94.4206
83400 94.715
83500 94.4563
83600 94.2723
83700 94.1911
83800 94.3532
83900 94.0649
84000 93.7789
84100 93.4507
84200 93.3227
84300 93.8738
84400 93.9521
84500 93.8259
84600 93.4254
84700 93.0977
84800 92.8017
84900 93.086
85000 93.3113
85100 93.0152
85200 92.9997
85300 92.8684
85400 93.0667
85500 92.7875
85600 92.4371
85700 92.4089
85800 92.2723
85900 92.0195
86000 91.6915
86100 91.4659
86200 91.4022
86300 91.3796
86400 90.7858
86500 90.1701
86600 90.1288
86700 89.9645
86800 90.1052
86900 89.963
87000 89.6391
87100 89.5438
87200 89.2035
87300 88.9803
87400 88.7177
87500 88.2379
87600 87.6291
87700 87.3375
87800 87.6227
87900 87.4882
88000 87.2131
88100 87.1338
88200 87.0379
88300 86.9069
88400 86.9644
88500 86.5447
88600 86.0026
88700 85.61
88800 84.9873
88900 84.6362
89000 84.2885
89100 84.5441
89200 84.5734
89300 84.3523
89400 83.7623
89500 83.5959
89600 83.333
89700 83.1445
89800 83.0545
89900 83.222
90000 82.5795
90100 81.8782
90200 81.2679
90300 80.9572
90400 80.8434
90500 80.8162
90600 80.5702
90700 80.2481
90800 80.4606
90900 80.4011
91000 80.226
91100 80.0161
91200 79.9966
91300 79.5387
91400 79.402
91500 79.0867
91600 78.8512
91700 78.6999
91800 78.6866
91900 78.439
92000 77.9015
92100 77.6599
92200 77.3695
92300 77.0233
92400 76.7314
92500 76.4869
92600 75.9423
92700 75.4734
92800 75.1625
92900 74.4655
93000 74.3678
93100 74.315
93200 74.2069
93300 73.9941
93400 74.0076
93500 73.9514
93600 73.8207
93700 73.5142
93800 73.3346
93900 73.4238
94000 73.148
94100 72.7301
94200 72.472
94300 72.8929
94400 73.1269
94500 73.0993
94600 72.8073
94700 72.3593
94800 72.1252
94900 71.953
95000 71.933
95100 72.2226
95200 72.2033
95300 71.9072
95400 71.5066
95500 71.3588
95600 71.1019
95700 70.6974
95800 70.5087
95900 70.6071
96000 70.5967
96100 70.2496
96200 69.8498
96300 69.9614
96400 70.2376
96500 70.5707
96600 70.4034
96700 70.2997
96800 70.1416
96900 70.1646
97000 70.2584
97100 70.2559
97200 70.2474
97300 70.2598
97400 70.5364
97500 70.8989
97600 71.1041
97700 71.3353
97800 71.2437
97900 71.5772
98000 71.7318
98100 72.2548
98200 72.8651
98300 73.0195
98400 73.3217
98500 73.8575
98600 74.0059
98700 73.9086
98800 73.5977
98900 73.0716
99000 72.8081
99100 73.1917
99200 73.4598
99300 73.3817
99400 72.828
99500 72.569
99600 72.4227
99700 72.0635
99800 71.906
99900 71.5495
100000 71.3203
