# Time-averaged data for fix msd_avg_all
# TimeStep c_msd_all[4]
0 1.43297e-28
100 0.541638
200 1.31841
300 2.01112
400 2.66374
500 3.21413
600 3.67059
700 4.22335
800 4.7648
900 5.19516
1000 5.72499
1100 6.16197
1200 6.65703
1300 7.00915
1400 7.34643
1500 7.68709
1600 8.17366
1700 8.63526
1800 9.10027
1900 9.38995
2000 9.75221
2100 10.3585
2200 10.7752
2300 11.3139
2400 11.7367
2500 12.059
2600 12.2537
2700 12.2782
2800 12.3611
2900 12.79
3000 13.1642
3100 13.4289
3200 13.7419
3300 13.94
3400 14.2924
3500 14.778
3600 15.1184
3700 15.361
3800 15.6299
3900 16.1007
4000 16.5506
4100 16.9267
4200 17.2032
4300 17.5256
4400 17.8478
4500 18.1887
4600 18.5725
4700 19.0483
4800 19.4929
4900 19.7592
5000 20.0927
5100 20.5213
5200 20.8058
5300 21.1562
5400 21.3797
5500 21.6896
5600 22.0499
5700 22.2902
5800 22.5153
5900 22.8702
6000 23.2983
6100 23.7084
6200 23.8641
6300 23.8499
6400 24.0707
6500 24.2982
6600 24.4427
6700 24.69
6800 24.7325
6900 25.1153
7000 25.3728
7100 25.688
7200 26.1306
7300 26.5469
7400 26.9481
7500 27.2861
7600 27.6187
7700 28.192
7800 28.7409
7900 29.0321
8000 29.583
8100 30.2481
8200 30.8573
8300 31.3275
8400 31.5105
8500 31.8808
8600 32.1863
8700 32.4239
8800 32.4524
8900 32.3563
9000 32.0718
9100 32.0103
9200 31.7868
9300 31.6777
9400 31.7805
9500 32.0398
9600 32.3665
9700 32.8016
9800 32.9812
9900 32.8565
10000 32.8542
10100 32.8097
10200 32.5675
10300 32.6554
10400 33.0323
10500 33.2413
10600 33.5014
10700 33.5678
10800 33.7797
10900 33.8831
11000 34.0462
11100 34.1284
11200 34.591
11300 35.1075
11400 35.4281
11500 35.7009
11600 35.9992
11700 36.2992
11800 36.4443
11900 36.576
12000 36.8592
12100 37.2864
12200 37.8973
12300 38.07
12400 38.2982
12500 38.6588
12600 38.9832
12700 39.2929
12800 39.7145
12900 40.0435
13000 40.2557
13100 40.5589
13200 40.8175
13300 41.3137
13400 41.6461
13500 41.785
13600 41.8908
13700 42.1584
13800 42.2152
13900 42.1617
14000 42.1069
14100 41.9222
14200 41.8848
14300 42.2531
14400 42.8044
14500 43.4616
14600 43.6756
14700 43.6808
14800 43.6773
14900 43.5411
15000 43.4262
15100 43.7042
15200 44.008
15300 44.1865
15400 44.1796
15500 44.3883
15600 44.5832
15700 44.6089
15800 44.9452
15900 45.166
16000 45.1846
16100 45.3182
16200 45.4913
16300 45.5793
16400 45.7101
16500 46.2082
16600 46.6025
16700 46.998
16800 47.1061
16900 47.467
17000 47.5615
17100 47.8278
17200 48.0019
17300 47.8367
17400 47.8069
17500 47.8047
17600 48.2432
17700 48.7439
17800 49.3611
17900 49.8032
18000 50.1754
18100 50.3146
18200 50.3683
18300 50.5936
18400 50.8946
18500 51.1622
18600 51.2149
18700 51.1389
18800 51.5626
18900 52.1402
19000 52.4213
19100 52.4258
19200 52.4745
19300 52.3444
19400 52.4946
19500 52.8362
19600 52.6774
19700 52.659
19800 52.5997
19900 52.6101
20000 52.8794
20100 52.9522
20200 52.8975
20300 53.395
20400 53.8429
20500 54.2575
20600 54.826
20700 55.4515
20800 55.6921
20900 56.2667
21000 56.5566
21100 56.7194
21200 56.8124
21300 57.0037
21400 57.3848
21500 57.2982
21600 57.4453
21700 57.8932
21800 58.5814
21900 58.9102
22000 59.2824
22100 59.5692
22200 59.8847
22300 60.1449
22400 60.3631
22500 60.3031
22600 60.1446
22700 60.5502
22800 61.0175
22900 61.1436
23000 61.1087
23100 61.2226
23200 61.2887
23300 61.9995
23400 62.5028
23500 63.0649
23600 63.4765
23700 64.188
23800 64.6303
23900 64.839
24000 65.1072
24100 65.0594
24200 64.9368
24300 64.8804
24400 64.877
24500 64.9847
24600 65.0236
24700 65.256
24800 65.3003
24900 65.4841
25000 65.7354
25100 65.9036
25200 66.2054
25300 66.7219
25400 66.615
25500 66.2148
25600 66.1793
25700 66.3061
25800 66.6782
25900 66.6072
26000 66.6237
26100 66.8314
26200 67.1008
26300 67.1557
26400 67.5355
26500 67.7437
26600 67.9237
26700 68.2219
26800 68.5148
26900 68.628
27000 68.6741
27100 68.8653
27200 69.2381
27300 69.7296
27400 70.2414
27500 70.4275
27600 70.6346
27700 70.494
27800 70.8115
27900 71.1581
28000 71.9074
28100 72.611
28200 73.557
28300 74.4731
28400 75.1901
28500 75.4741
28600 75.7673
28700 76.2894
28800 76.9388
28900 77.353
29000 77.8503
29100 77.905
29200 78.228
29300 78.4587
29400 78.7443
29500 78.9841
29600 78.5979
29700 78.3474
29800 78.2286
29900 78.2613
30000 78.2183
30100 78.6063
30200 79.0538
30300 79.205
30400 79.4631
30500 80.1647
30600 80.3884
30700 80.1703
30800 80.1236
30900 80.1445
31000 80.4307
31100 80.3618
31200 80.4425
31300 80.3142
31400 80.0077
31500 80.1125
31600 80.464
31700 79.8472
31800 79.8413
31900 79.6212
32000 79.4994
32100 79.6626
32200 79.9444
32300 80.1309
32400 80.1649
32500 80.0764
32600 80.2309
32700 80.3101
32800 80.3487
32900 80.7059
33000 80.901
33100 81.2669
33200 81.5211
33300 81.5914
33400 81.9614
33500 82.389
33600 82.2903
33700 82.3154
33800 81.9507
33900 82.1354
34000 82.4458
34100 82.5587
34200 82.9943
34300 83.7068
34400 84.1143
34500 84.4122
34600 84.3497
34700 84.5626
34800 85.1526
34900 85.6284
35000 85.2793
35100 84.9516
35200 85.0692
35300 85.0694
35400 85.3629
35500 85.2018
35600 85.1428
35700 85.2543
35800 84.7215
35900 84.4994
36000 84.5191
36100 84.5247
36200 84.5566
36300 84.8941
36400 85.5997
36500 85.744
36600 85.9503
36700 86.09
36800 86.5034
36900 86.7076
37000 87.0142
37100 87.8362
37200 87.9473
37300 87.9989
37400 88.0943
37500 88.277
37600 88.2905
37700 88.7504
37800 89.3098
37900 89.8059
38000 90.1706
38100 90.5853
38200 91.5007
38300 91.7857
38400 91.9776
38500 91.7246
38600 91.2745
38700 90.9371
38800 90.8928
38900 90.852
39000 90.7118
39100 90.9123
39200 91.4587
39300 91.4928
39400 91.1083
39500 91.0531
39600 91.4576
39700 91.8076
39800 91.6446
39900 91.3613
40000 90.972
40100 91.0354
40200 90.9383
40300 90.8444
40400 91.4236
40500 92.0467
40600 92.3282
40700 92.2024
40800 91.9309
40900 92.2718
41000 92.7291
41100 92.9999
41200 93.5805
41300 94.0455
41400 93.8397
41500 93.552
41600 93.6645
41700 94.1808
41800 94.6281
41900 94.8749
42000 95.2754
42100 95.9708
42200 96.3751
42300 96.3893
42400 96.2743
42500 96.7117
42600 96.9396
42700 96.8039
42800 97.069
42900 97.7506
43000 98.1685
43100 98.6426
43200 98.9861
43300 99.1829
43400 99.08
43500 99.5914
43600 100.31
43700 101.451
43800 102.755
43900 103.422
44000 103.381
44100 103.277
44200 103.015
44300 103.404
44400 103.834
44500 104.465
44600 104.951
44700 104.836
44800 104.932
44900 104.938
45000 104.897
45100 104.895
45200 104.798
45300 104.907
45400 105.237
45500 105.215
45600 105.282
45700 105.58
45800 106.219
45900 106.47
46000 106.383
46100 106.103
46200 106.013
46300 105.873
46400 106.093
46500 106.5
46600 106.575
46700 106.597
46800 106.907
46900 106.64
47000 105.841
47100 105.473
47200 105.609
47300 106.003
47400 105.886
47500 105.893
47600 105.658
47700 105.266
47800 105.263
47900 105.33
48000 105.25
48100 105.198
48200 105.148
48300 105.079
48400 105.404
48500 105.225
48600 104.766
48700 104.14
48800 104.09
48900 104.17
49000 105.049
49100 106.049
49200 106.534
49300 106.771
49400 106.739
49500 107.378
49600 108.031
49700 107.89
49800 107.228
49900 106.852
50000 106.601
50100 106.726
50200 106.897
50300 107.214
50400 107.184
50500 107.036
50600 106.972
50700 107.09
50800 107.469
50900 108.083
51000 108.946
51100 109.707
51200 110.615
51300 111.313
51400 111.172
51500 110.883
51600 110.784
51700 110.437
51800 109.764
51900 109.287
52000 109.064
52100 109.251
52200 109.451
52300 109.876
52400 110.33
52500 110.603
52600 110.798
52700 111.189
52800 111.796
52900 112.246
53000 112.881
53100 113.497
53200 114.066
53300 114.498
53400 114.776
53500 114.754
53600 115.223
53700 115.542
53800 115.321
53900 115.464
54000 115.718
54100 115.9
54200 116.634
54300 117.19
54400 117.798
54500 117.526
54600 117.509
54700 117.745
54800 117.966
54900 118.046
55000 118.284
55100 118.63
55200 118.742
55300 118.567
55400 118.658
55500 119.468
55600 120.224
55700 120.328
55800 120.805
55900 120.675
56000 120.477
56100 120.558
56200 121.157
56300 122.236
56400 123.417
56500 124.39
56600 124.762
56700 124.682
56800 124.787
56900 124.536
57000 125.183
57100 125.907
57200 126.587
57300 127.264
57400 127.588
57500 127.348
57600 127.514
57700 127.833
57800 128.359
57900 128.398
58000 127.976
58100 127.524
58200 126.998
58300 126.425
58400 126.341
58500 126.293
58600 126.128
58700 125.926
58800 125.791
58900 125.635
59000 125.547
59100 125.531
59200 125.007
59300 124.672
59400 124.969
59500 125.225
59600 125.445
59700 125.614
59800 125.383
59900 125.161
60000 124.92
60100 125.081
60200 125.602
60300 125.808
60400 126.376
60500 126.692
60600 126.991
60700 127.065
60800 126.948
60900 127.675
61000 128.837
61100 129.528
61200 130.663
61300 131.125
61400 131.075
61500 131.457
61600 132.606
61700 133.694
61800 134.829
61900 135.567
62000 135.951
62100 136.589
62200 136.867
62300 137.065
62400 137.053
62500 136.78
62600 136.343
62700 135.858
62800 136.001
62900 136.431
63000 136.937
63100 137.04
63200 136.837
63300 136.529
63400 136.255
63500 136.571
63600 137.01
63700 137.206
63800 136.742
63900 136.399
64000 136.458
64100 136.677
64200 136.979
64300 137.285
64400 137.897
64500 138.115
64600 138.333
64700 138.494
64800 138.568
64900 138.641
65000 138.442
65100 138.323
65200 137.963
65300 137.888
65400 138.278
65500 138.511
65600 138.445
65700 139.035
65800 139.197
65900 138.954
66000 139.371
66100 140.355
66200 141.743
66300 142.678
66400 142.82
66500 143.196
66600 142.981
66700 143.167
66800 143.793
66900 144.246
67000 145.529
67100 146.581
67200 146.768
67300 147.142
67400 147.656
67500 148.609
67600 149.215
67700 149.723
67800 150.654
67900 151.282
68000 152.256
68100 153.174
68200 153.739
68300 153.738
68400 153.131
68500 152.736
68600 153.003
68700 152.862
68800 153.062
68900 153.189
69000 153.325
69100 153.723
69200 154.206
69300 154.231
69400 154.65
69500 154.571
69600 155.468
69700 156.517
69800 157.367
69900 157.933
70000 158.582
70100 159.268
70200 159.627
70300 160.235
70400 161.203
70500 161.672
70600 161.814
70700 161.31
70800 160.988
70900 160.451
71000 160.038
71100 160.08
71200 159.748
71300 158.936
71400 158.441
71500 157.953
71600 157.359
71700 157.596
71800 157.844
71900 157.816
72000 157.804
72100 157.663
72200 157.65
72300 157.524
72400 157.042
72500 156.44
72600 155.655
72700 155.571
72800 155.791
72900 155.893
73000 155.762
73100 155.058
73200 154.65
73300 153.858
73400 153.229
73500 153.478
73600 153.745
73700 154.96
73800 155.826
73900 156.578
74000 156.392
74100 156.928
74200 157.334
74300 157.725
74400 157.671
74500 158.159
74600 158.258
74700 158.149
74800 158.133
74900 158.011
75000 158.403
75100 158.854
75200 159.133
75300 159.473
75400 159.678
75500 160.223
75600 160.893
75700 160.967
75800 160.535
75900 160.928
76000 161.745
76100 162.529
76200 163.097
76300 163.088
76400 163.306
76500 163.228
76600 162.974
76700 163.644
76800 164.16
76900 164.285
77000 164.274
77100 164.061
77200 163.901
77300 163.784
77400 163.809
77500 163.666
77600 163.022
77700 161.937
77800 161.068
77900 160.094
78000 159.215
78100 158.406
78200 157.788
78300 157.514
78400 157.627
78500 158.416
78600 158.756
78700 159.28
78800 159.9
78900 160.468
79000 160.853
79100 160.926
79200 160.232
79300 160.451
79400 161.011
79500 161.304
79600 161.879
79700 162.003
79800 161.965
79900 162.002
80000 161.618
80100 161.968
80200 162.299
80300 161.551
80400 160.982
80500 160.577
80600 160.744
80700 161.051
80800 161.84
80900 162.542
81000 163.485
81100 164.123
81200 164.335
81300 164.161
81400 164.544
81500 164.679
81600 164.936
81700 165.438
81800 165.89
81900 165.964
82000 166.157
82100 166.114
82200 166.274
82300 166.224
82400 166.694
82500 167.521
82600 168.266
82700 169.229
82800 170.642
82900 171.009
83000 170.796
83100 170.809
83200 170.889
83300 171.134
83400 172.111
83500 172.527
83600 172.478
83700 173.058
83800 173.237
83900 172.886
84000 172.024
84100 171.565
84200 171.946
84300 172.257
84400 172.483
84500 173.285
84600 174.242
84700 175.016
84800 175.442
84900 176.118
85000 176.867
85100 176.691
85200 176.746
85300 177.275
85400 177.72
85500 178.427
85600 179.003
85700 179.327
85800 179.759
85900 180.457
86000 181.553
86100 182.063
86200 182.435
86300 182.547
86400 182.936
86500 183.261
86600 183.448
86700 183.02
86800 182.047
86900 181.632
87000 181.267
87100 181.201
87200 180.87
87300 180.842
87400 180.76
87500 180.734
87600 181.371
87700 181.346
87800 181.189
87900 180.84
88000 180.927
88100 181.26
88200 182.124
88300 181.726
88400 180.78
88500 179.829
88600 179.195
88700 178.668
88800 177.902
88900 177.581
89000 177.491
89100 177.125
89200 176.412
89300 175.715
89400 175.343
89500 174.461
89600 174.042
89700 174.397
89800 174.494
89900 174.734
90000 175.41
90100 175.715
90200 175.692
90300 176.005
90400 175.79
90500 175.808
90600 175.865
90700 176.299
90800 176.413
90900 176.726
91000 176.715
91100 176.755
91200 177.24
91300 178.361
91400 179.002
91500 179.494
91600 179.43
91700 179.68
91800 179.597
91900 179.537
92000 179.147
92100 178.733
92200 178.355
92300 178.041
92400 177.75
92500 177.288
92600 177.227
92700 177.256
92800 176.931
92900 176.757
93000 176.632
93100 176.597
93200 175.924
93300 175.932
93400 176.041
93500 176.232
93600 176.167
93700 176.07
93800 176.12
93900 175.908
94000 176.404
94100 177.558
94200 178.874
94300 179.922
94400 179.728
94500 179.199
94600 178.955
94700 179.614
94800 180.449
94900 181.113
95000 181.288
95100 181.886
95200 182.784
95300 183.576
95400 184.172
95500 185.634
95600 186.658
95700 187.158
95800 187.295
95900 187.563
96000 188.084
96100 188.124
96200 188.086
96300 187.266
96400 186.626
96500 186.315
96600 186.781
96700 187.455
96800 187.477
96900 187.186
97000 186.254
97100 186.043
97200 185.971
97300 186.598
97400 187.407
97500 187.994
97600 188.317
97700 188.561
97800 188.873
97900 188.916
98000 189.559
98100 189.98
98200 190.111
98300 190.046
98400 189.696
98500 188.758
98600 188.59
98700 188.96
98800 188.868
98900 189.38
99000 189.579
99100 189.873
99200 190.126
99300 190.612
99400 190.368
99500 189.759
99600 189.413
99700 189.742
99800 189.982
99900 189.295
100000 189.223
