# Time-averaged data for fix msd_avg_all
# TimeStep c_msd_all[4]
0 1.26218e-29
100 0.603545
200 1.44086
300 2.23467
400 3.0838
500 3.8492
600 4.49317
700 5.1595
800 5.75822
900 6.47787
1000 7.24655
1100 7.94297
1200 8.55667
1300 9.20011
1400 9.86807
1500 10.3572
1600 10.9183
1700 11.4288
1800 11.8858
1900 12.2512
2000 12.6952
2100 13.21
2200 13.5873
2300 14.0655
2400 14.555
2500 15.1625
2600 15.7289
2700 16.247
2800 16.7163
2900 17.0843
3000 17.5271
3100 18.2916
3200 18.9774
3300 19.2779
3400 19.72
3500 20.4241
3600 21.1247
3700 21.9258
3800 22.5828
3900 22.7683
4000 23.2443
4100 23.7894
4200 24.283
4300 24.7472
4400 25.2951
4500 25.8234
4600 26.366
4700 26.9054
4800 27.3842
4900 27.9314
5000 28.1341
5100 28.5163
5200 28.9037
5300 29.4524
5400 29.9964
5500 30.2451
5600 30.5845
5700 31.0047
5800 31.437
5900 31.7027
6000 31.9529
6100 32.0609
6200 31.9159
6300 31.8734
6400 32.0222
6500 32.146
6600 32.206
6700 32.7415
6800 33.241
6900 33.6788
7000 34.1194
7100 34.1262
7200 34.4779
7300 34.7483
7400 34.9966
7500 35.189
7600 35.3703
7700 35.3342
7800 35.267
7900 35.3544
8000 35.686
8100 36.0189
8200 36.3999
8300 36.7467
8400 37.0883
8500 37.3365
8600 37.6768
8700 37.9545
8800 38.3644
8900 38.7964
9000 39.2867
9100 39.7383
9200 40.055
9300 39.8349
9400 39.5368
9500 39.3922
9600 39.8814
9700 40.3039
9800 40.7285
9900 40.9658
10000 41.5045
10100 41.7488
10200 41.6589
10300 41.7166
10400 41.9841
10500 42.1664
10600 41.9993
10700 41.8031
10800 41.6686
10900 41.8471
11000 42.2682
11100 42.8132
11200 43.5978
11300 44.7693
11400 45.6261
11500 46.3294
11600 46.895
11700 47.3324
11800 47.8394
11900 48.017
12000 48.4037
12100 49.4439
12200 50.0856
12300 50.5587
12400 51.0347
12500 51.6806
12600 52.5531
12700 53.2763
12800 54.004
12900 54.186
13000 54.3334
13100 54.8725
13200 55.5028
13300 56.3753
13400 57.208
13500 58.0359
13600 58.4078
13700 58.924
13800 59.2726
13900 59.1952
14000 59.2681
14100 59.5518
14200 59.4443
14300 59.2218
14400 59.4539
14500 59.8768
14600 60.4982
14700 61.0805
14800 61.8829
14900 62.6717
15000 63.6219
15100 64.5624
15200 65.1132
15300 65.5117
15400 65.845
15500 66.0358
15600 66.3235
15700 66.4525
15800 66.3572
15900 66.9543
16000 67.2532
16100 67.5325
16200 67.8599
16300 68.2694
16400 67.8697
16500 67.5608
16600 67.7884
16700 68.3708
16800 68.7487
16900 69.2454
17000 69.7852
17100 70.354
17200 70.634
17300 70.8232
17400 70.8896
17500 70.7043
17600 70.6415
17700 70.7404
17800 70.9064
17900 70.6538
18000 70.3642
18100 70.1892
18200 70.2438
18300 70.6822
18400 70.9383
18500 71.1516
18600 71.8398
18700 72.2917
18800 72.6645
18900 73.3028
19000 74.0273
19100 74.3537
19200 74.8049
19300 74.8561
19400 74.8173
19500 74.8602
19600 75.1665
19700 75.2987
19800 75.9118
19900 76.3775
20000 76.6866
20100 76.8275
20200 76.9123
20300 77.1549
20400 77.6211
20500 78.3871
20600 79.3532
20700 80.3759
20800 80.9249
20900 81.4401
21000 81.5398
21100 81.3783
21200 81.8585
21300 82.2771
21400 82.7159
21500 82.8821
21600 82.9947
21700 83.1836
21800 83.5632
21900 83.6283
22000 83.2551
22100 83.0928
22200 83.0926
22300 82.8526
22400 82.838
22500 83.1978
22600 83.5557
22700 83.3665
22800 83.3603
22900 83.2622
23000 83.1504
23100 83.3187
23200 83.1602
23300 82.8899
23400 82.683
23500 83.0468
23600 83.4079
23700 84.1811
23800 85.1881
23900 86.4346
24000 86.8849
24100 87.5699
24200 88.535
24300 89.1893
24400 90.0531
24500 90.5811
24600 90.5945
24700 90.5936
24800 90.8122
24900 91.5003
25000 91.7296
25100 91.6669
25200 91.2684
25300 91.1187
25400 91.3179
25500 91.6143
25600 91.8924
25700 92.0076
25800 91.7867
25900 91.1992
26000 90.9921
26100 91.2842
26200 91.5699
26300 91.9003
26400 92.3267
26500 92.9146
26600 93.1236
26700 93.7066
26800 94.3933
26900 94.8293
27000 95.3913
27100 95.7213
27200 95.9078
27300 96.3773
27400 96.6732
27500 96.3299
27600 96.816
27700 97.1619
27800 97.8074
27900 98.74
28000 99.5925
28100 100.576
28200 101.555
28300 102.386
28400 102.869
28500 103.131
28600 103.146
28700 103.165
28800 103.862
28900 103.456
29000 103.263
29100 102.896
29200 102.565
29300 102.404
29400 102.925
29500 103.3
29600 103.695
29700 104.173
29800 104.158
29900 103.671
30000 104.339
30100 105.517
30200 106.41
30300 107.328
30400 108.166
30500 108.865
30600 109.131
30700 109.237
30800 108.845
30900 109.222
31000 109.046
31100 108.946
31200 109.404
31300 109.638
31400 110.003
31500 110.44
31600 110.879
31700 110.519
31800 110.325
31900 110.304
32000 110.704
32100 111.526
32200 112.785
32300 114.343
32400 115.774
32500 116.468
32600 117.412
32700 117.907
32800 117.944
32900 117.809
33000 118.298
33100 118.727
33200 118.765
33300 118.678
33400 118.987
33500 119.281
33600 119.253
33700 119.867
33800 119.971
33900 120.544
34000 121.073
34100 121.504
34200 122.097
34300 122.664
34400 122.834
34500 123.344
34600 123.855
34700 124.668
34800 125.686
34900 126.74
35000 127.908
35100 129.253
35200 129.599
35300 129.726
35400 130.243
35500 130.9
35600 131.517
35700 132.44
35800 133.696
35900 134.814
36000 135.447
36100 135.978
36200 135.826
36300 135.501
36400 134.834
36500 134.648
36600 134.891
36700 135.751
36800 136.866
36900 137.478
37000 138.115
37100 138.537
37200 138.835
37300 139.675
37400 140.337
37500 141.475
37600 142.5
37700 144.039
37800 144.85
37900 145.539
38000 146.335
38100 147.061
38200 148.208
38300 149.057
38400 149.112
38500 149.984
38600 151.554
38700 152.718
38800 153.54
38900 154.497
39000 155.603
39100 156.287
39200 156.466
39300 156.634
39400 157.18
39500 157.249
39600 157.834
39700 157.854
39800 157.329
39900 157.127
40000 157.577
40100 157.847
40200 157.461
40300 158.43
40400 159.717
40500 160.169
40600 160.367
40700 160.304
40800 160.599
40900 160.481
41000 160.351
41100 159.916
41200 160.269
41300 161.451
41400 162.158
41500 162.717
41600 163.276
41700 163.239
41800 162.709
41900 162.504
42000 162.905
42100 163.305
42200 163.741
42300 164.081
42400 164.077
42500 163.996
42600 163.957
42700 164.091
42800 163.711
42900 162.805
43000 162.61
43100 163.214
43200 164.449
43300 165.349
43400 166.171
43500 167.332
43600 167.944
43700 167.9
43800 167.365
43900 166.467
44000 165.619
44100 164.991
44200 165.005
44300 165.69
44400 166.423
44500 166.691
44600 167.252
44700 167.759
44800 168.278
44900 168.897
45000 169.412
45100 169.334
45200 168.456
45300 168.002
45400 167.436
45500 166.694
45600 165.797
45700 165.649
45800 166.028
45900 166.302
46000 166.712
46100 167.465
46200 168.845
46300 169.984
46400 171.402
46500 172.645
46600 173.42
46700 174.303
46800 174.947
46900 176.005
47000 176.551
47100 176.098
47200 175.995
47300 176.985
47400 177.741
47500 178.654
47600 179.448
47700 180.071
47800 180.316
47900 179.806
48000 180.042
48100 180.275
48200 181.123
48300 181.7
48400 181.796
48500 181.333
48600 180.825
48700 180.529
48800 180.156
48900 179.398
49000 178.837
49100 179.515
49200 179.76
49300 180.664
49400 181.569
49500 181.574
49600 181.195
49700 180.87
49800 180.462
49900 180.197
50000 180.875
50100 181.172
50200 181.572
50300 182.428
50400 183.889
50500 184.789
50600 184.951
50700 185.151
50800 185.598
50900 186.323
51000 186.956
51100 186.918
51200 186.957
51300 187.14
51400 187.216
51500 187.252
51600 187.738
51700 188.65
51800 189.635
51900 191.306
52000 192.279
52100 192.534
52200 193.16
52300 193.136
52400 193.212
52500 193.455
52600 193.702
52700 194.077
52800 193.372
52900 192.749
53000 192.301
53100 192.611
53200 193.439
53300 194.452
53400 195.442
53500 196.581
53600 197.249
53700 197.46
53800 197.965
53900 199.197
54000 200.418
54100 202.621
54200 204.514
54300 206.047
54400 207.353
54500 208.083
54600 208.38
54700 208.79
54800 209.373
54900 209.715
55000 209.109
55100 209.212
55200 210.149
55300 211.26
55400 211.564
55500 211.589
55600 211.073
55700 210.402
55800 210.105
55900 210.43
56000 211.001
56100 211.442
56200 212.009
56300 212.307
56400 211.481
56500 211.592
56600 212.008
56700 211.552
56800 210.845
56900 210.806
57000 210.659
57100 210.69
57200 211.477
57300 213.387
57400 215
57500 216.593
57600 217.725
57700 218.016
57800 217.096
57900 217.178
58000 217.646
58100 217.224
58200 216.117
58300 215.354
58400 214.75
58500 214.531
58600 213.667
58700 213.584
58800 213.132
58900 213.777
59000 214.17
59100 214.425
59200 214.114
59300 214.764
59400 215.863
59500 216.481
59600 216.395
59700 216.033
59800 215.253
59900 215.491
60000 216.081
60100 217.369
60200 218.604
60300 219.174
60400 220.478
60500 221.098
60600 220.728
60700 220.836
60800 221.688
60900 222.751
61000 223.679
61100 224.656
61200 226.629
61300 228.516
61400 231.234
61500 232.357
61600 233.242
61700 233.59
61800 233.616
61900 233.116
62000 232.246
62100 231.057
62200 230.544
62300 230.223
62400 229.535
62500 228.727
62600 227.742
62700 227.706
62800 228.196
62900 229.155
63000 230.338
63100 231.339
63200 232.03
63300 232.431
63400 232.616
63500 232.28
63600 232.737
63700 232.666
63800 232.056
63900 231.586
64000 231.49
64100 232.253
64200 233
64300 233.637
64400 234.167
64500 234.603
64600 234.935
64700 234.122
64800 234.741
64900 235.223
65000 235.306
65100 234.786
65200 234.172
65300 233.563
65400 233.091
65500 233.347
65600 234.262
65700 234.537
65800 235.133
65900 236.242
66000 237.253
66100 238.133
66200 239.077
66300 238.599
66400 237.321
66500 236.682
66600 236.584
66700 236.95
66800 237.201
66900 237.3
67000 238.114
67100 239.076
67200 240.098
67300 240.972
67400 241.275
67500 240.718
67600 240.76
67700 240.649
67800 240.617
67900 240.749
68000 240.603
68100 239.876
68200 240.233
68300 241.144
68400 241.427
68500 241.973
68600 242.712
68700 243.212
68800 242.988
68900 241.9
69000 241.497
69100 240.589
69200 240.087
69300 239.523
69400 239.282
69500 238.833
69600 239.193
69700 239.31
69800 239.467
69900 240.107
70000 241.353
70100 242.618
70200 244.343
70300 246.128
70400 247.484
70500 247.479
70600 247.018
70700 245.983
70800 244.769
70900 243.283
71000 242.025
71100 241.625
71200 242.033
71300 243.465
71400 244.956
71500 246.54
71600 247.882
71700 249.494
71800 249.857
71900 249.749
72000 249.258
72100 249.46
72200 249.308
72300 249.673
72400 249.614
72500 249.835
72600 249.786
72700 250.213
72800 249.688
72900 249.997
73000 250.3
73100 250.466
73200 250.404
73300 251.086
73400 251.746
73500 252.362
73600 252.499
73700 252.362
73800 252.686
73900 254.465
74000 255.823
74100 255.954
74200 255.19
74300 254.867
74400 255.298
74500 256.039
74600 256.887
74700 257.959
74800 258.709
74900 259.276
75000 259.188
75100 259.416
75200 259.569
75300 259.323
75400 258.951
75500 258.996
75600 259.331
75700 259.45
75800 259.916
75900 261.294
76000 261.572
76100 261.288
76200 261.293
76300 262.206
76400 264.02
76500 265.911
76600 267.713
76700 269.241
76800 270.177
76900 270.637
77000 270.396
77100 269.987
77200 270.537
77300 271.802
77400 272.469
77500 273.404
77600 274.473
77700 275.71
77800 276.582
77900 277.693
78000 278.825
78100 279.987
78200 280.848
78300 281.557
78400 282.407
78500 282.243
78600 281.449
78700 280.998
78800 280.587
78900 280.221
79000 279.678
79100 279.31
79200 279.386
79300 280.121
79400 280.81
79500 282.037
79600 282.75
79700 283.612
79800 284.342
79900 285.375
80000 286.68
80100 287.857
80200 289.437
80300 290.281
80400 291.173
80500 292.125
80600 292.524
80700 293.143
80800 294.198
80900 294.239
81000 294.651
81100 294.945
81200 295.028
81300 295.982
81400 296.399
81500 297.509
81600 297.896
81700 298.115
81800 299.066
81900 299.459
82000 299.898
82100 301.188
82200 302.797
82300 304.256
82400 305.93
82500 306.206
82600 305.484
82700 304.932
82800 304.244
82900 303.24
83000 301.844
83100 301.558
83200 302.273
83300 302.93
83400 302.57
83500 301.509
83600 301.775
83700 301.576
83800 301.661
83900 301.046
84000 302.003
84100 302.043
84200 303.015
84300 303.955
84400 304.595
84500 304.075
84600 303.877
84700 303.714
84800 303.877
84900 303.889
85000 303.778
85100 304.024
85200 304.417
85300 305.05
85400 305.269
85500 305.272
85600 305.651
85700 306.492
85800 308.014
85900 309.354
86000 310.32
86100 310.075
86200 309.853
86300 309.374
86400 308.768
86500 308.656
86600 308.642
86700 307.888
86800 307.238
86900 306.442
87000 306.717
87100 306.909
87200 307.331
87300 308.449
87400 308.885
87500 309.478
87600 310.427
87700 310.549
87800 310.914
87900 311.133
88000 310.511
88100 310.829
88200 312.193
88300 314.218
88400 315.671
88500 317.525
88600 319.72
88700 320.715
88800 321.08
88900 319.89
89000 319.329
89100 318.985
89200 319.957
89300 321.091
89400 322.267
89500 323.386
89600 323.906
89700 324.169
89800 323.23
89900 321.945
90000 321.794
90100 321.198
90200 321.159
90300 321.696
90400 321.973
90500 322.89
90600 323.436
90700 323.702
90800 323.035
90900 322.228
91000 322.257
91100 322.979
91200 324.273
91300 324.501
91400 324.952
91500 326.402
91600 327.845
91700 328.381
91800 328.312
91900 328.709
92000 328.061
92100 326.633
92200 326.439
92300 327.457
92400 328.145
92500 327.597
92600 326.864
92700 327.694
92800 327.683
92900 327.624
93000 327.79
93100 328.573
93200 329.162
93300 329.143
93400 329.308
93500 329.416
93600 330.44
93700 331.202
93800 331.473
93900 332.08
94000 331.882
94100 331.271
94200 330.146
94300 329.603
94400 329.447
94500 329.479
94600 331.089
94700 332.421
94800 333.623
94900 334.996
95000 336.516
95100 336.478
95200 335.749
95300 337.178
95400 338.921
95500 339.19
95600 339.52
95700 340.635
95800 342.23
95900 341.87
96000 341.849
96100 341.816
96200 342.017
96300 342.502
96400 343.097
96500 343.826
96600 344.465
96700 345.476
96800 345.738
96900 346.31
97000 347.044
97100 348.097
97200 349.777
97300 351.653
97400 352.218
97500 353.074
97600 354.16
97700 355.243
97800 355.906
97900 355.867
98000 354.635
98100 353.963
98200 354.565
98300 355.837
98400 356.259
98500 357.005
98600 356.418
98700 354.973
98800 355.122
98900 354.937
99000 355.299
99100 356.59
99200 356.608
99300 356.587
99400 356.422
99500 357.107
99600 357.992
99700 358.853
99800 358.662
99900 358.562
100000 359.014
