# Time-averaged data for fix msd_avg_all
# TimeStep c_msd_all[4]
0 3.50012e-29
100 0.524799
200 1.20501
300 1.84055
400 2.38748
500 2.82762
600 3.28025
700 3.76077
800 4.25532
900 4.64786
1000 5.12528
1100 5.5628
1200 5.86049
1300 6.18412
1400 6.53256
1500 6.91099
1600 7.19438
1700 7.47606
1800 7.76919
1900 8.05074
2000 8.40934
2100 8.68264
2200 8.95581
2300 9.20007
2400 9.47079
2500 9.82378
2600 10.2555
2700 10.4529
2800 10.7197
2900 11.106
3000 11.5316
3100 11.8308
3200 12.1897
3300 12.5144
3400 12.8957
3500 13.1025
3600 13.3822
3700 13.529
3800 13.7675
3900 14.0982
4000 14.5092
4100 14.8215
4200 15.0078
4300 15.2986
4400 15.6549
4500 15.9334
4600 16.1377
4700 16.221
4800 16.3182
4900 16.6157
5000 16.9375
5100 17.1611
5200 17.4152
5300 17.623
5400 17.7634
5500 17.9144
5600 18.0738
5700 18.3412
5800 18.5625
5900 18.6613
6000 18.8107
6100 18.9381
6200 19.2825
6300 19.5135
6400 19.6988
6500 19.814
6600 19.9853
6700 20.0845
6800 20.188
6900 20.2559
7000 20.347
7100 20.2815
7200 20.3499
7300 20.46
7400 20.4412
7500 20.3651
7600 20.3441
7700 20.2383
7800 20.3497
7900 20.486
8000 20.7038
8100 21.101
8200 21.5084
8300 21.7673
8400 21.9854
8500 22.1683
8600 22.2872
8700 22.4399
8800 22.6474
8900 22.7267
9000 23.0239
9100 23.2801
9200 23.5422
9300 23.8269
9400 24.0629
9500 24.1925
9600 24.1827
9700 24.022
9800 23.9801
9900 24.1923
10000 24.4272
10100 24.5748
10200 24.6945
10300 24.8911
10400 25.1204
10500 25.4907
10600 25.8283
10700 26.0297
10800 26.1536
10900 26.2962
11000 26.2667
11100 26.4299
11200 26.4136
11300 26.2461
11400 25.9838
11500 25.8107
11600 25.9197
11700 26.131
11800 26.6826
11900 26.8304
12000 26.9098
12100 27.0714
12200 26.9921
12300 26.9606
12400 26.839
12500 26.6937
12600 26.6851
12700 26.4885
12800 26.3593
12900 26.3033
13000 26.225
13100 26.3316
13200 26.4544
13300 26.4779
13400 26.6036
13500 26.71
13600 26.6039
13700 26.5667
13800 26.576
13900 26.6067
14000 26.7617
14100 26.7759
14200 26.9353
14300 27.3551
14400 27.669
14500 27.7092
14600 27.6409
14700 27.6633
14800 27.7296
14900 27.8459
15000 28.0161
15100 28.1318
15200 28.2634
15300 28.3082
15400 28.1011
15500 28.0595
15600 28.2267
15700 28.4473
15800 28.5317
15900 28.7632
16000 28.9032
16100 28.9098
16200 28.9509
16300 29.0785
16400 28.7968
16500 28.4783
16600 28.3731
16700 28.307
16800 28.249
16900 28.3509
17000 28.4843
17100 28.6776
17200 28.9594
17300 29.1282
17400 29.2213
17500 29.5235
17600 29.5847
17700 29.6487
17800 29.8192
17900 30.2323
18000 30.4362
18100 30.6275
18200 30.8359
18300 31.395
18400 31.721
18500 32.0799
18600 32.204
18700 32.6274
18800 32.711
18900 32.8596
19000 33.1039
19100 33.4227
19200 33.7008
19300 33.9073
19400 34.1165
19500 34.2386
19600 34.4128
19700 34.5519
19800 34.6899
19900 34.7662
20000 34.6275
20100 34.8072
20200 34.9775
20300 35.0984
20400 35.349
20500 35.6485
20600 35.9886
20700 36.2829
20800 36.6221
20900 36.9485
21000 37.4295
21100 37.6107
21200 37.8023
21300 37.9266
21400 38.3839
21500 38.9164
21600 39.3367
21700 39.487
21800 39.5786
21900 39.7532
22000 40.1104
22100 40.6254
22200 41.0596
22300 41.2888
22400 41.6055
22500 42.091
22600 42.3906
22700 42.1758
22800 42.2423
22900 42.2447
23000 42.4002
23100 42.2982
23200 42.1267
23300 42.069
23400 42.2464
23500 42.7327
23600 43.1932
23700 43.492
23800 43.5085
23900 43.5881
24000 43.8562
24100 43.8228
24200 43.7261
24300 43.4788
24400 43.2613
24500 43.094
24600 42.9834
24700 42.912
24800 42.8296
24900 43.1291
25000 43.399
25100 43.4021
25200 43.455
25300 43.6091
25400 44.0398
25500 44.0034
25600 44.0038
25700 43.8953
25800 43.8783
25900 44.1652
26000 44.1918
26100 44.1306
26200 44.2532
26300 44.9549
26400 45.5074
26500 45.9063
26600 46.1659
26700 46.4881
26800 46.7805
26900 46.9363
27000 46.8541
27100 46.9861
27200 46.8636
27300 46.7337
27400 46.8162
27500 46.7311
27600 46.6743
27700 46.8382
27800 46.9699
27900 46.8728
28000 46.7849
28100 46.862
28200 46.982
28300 47.0115
28400 47.145
28500 47.4812
28600 48.0371
28700 48.5335
28800 48.787
28900 48.7438
29000 48.8757
29100 49.2702
29200 49.3886
29300 49.2704
29400 49.0522
29500 48.8062
29600 48.3376
29700 48.3624
29800 48.7604
29900 48.9928
30000 49.2655
30100 49.7429
30200 50.1876
30300 50.2463
30400 50.4511
30500 50.7051
30600 50.6625
30700 50.4831
30800 50.2177
30900 50.1878
31000 50.3495
31100 50.5953
31200 50.4777
31300 50.6247
31400 50.7818
31500 50.6422
31600 50.6638
31700 51.1114
31800 51.4972
31900 51.4631
32000 51.3525
32100 51.2121
32200 51.2566
32300 51.6727
32400 52.0152
32500 52.2163
32600 52.396
32700 52.3683
32800 52.3964
32900 52.4868
33000 52.8634
33100 53.1848
33200 53.177
33300 53.1491
33400 53.074
33500 53.071
33600 53.2582
33700 53.3549
33800 53.7164
33900 54.0013
34000 54.3954
34100 54.6008
34200 54.8566
34300 55.0088
34400 55.1323
34500 55.3025
34600 55.6015
34700 55.8871
34800 55.5252
34900 55.135
35000 54.9393
35100 54.7776
35200 54.7672
35300 54.7112
35400 54.7633
35500 55.1301
35600 55.089
35700 55.1936
35800 55.0693
35900 55.0011
36000 55.2165
36100 55.5835
36200 56.0292
36300 56.4061
36400 56.686
36500 56.7828
36600 56.742
36700 56.7352
36800 56.5384
36900 56.4686
37000 56.4252
37100 56.5321
37200 56.887
37300 57.3261
37400 57.5018
37500 57.6739
37600 57.8347
37700 57.9296
37800 57.7357
37900 57.5497
38000 57.8383
38100 58.136
38200 58.2198
38300 58.3509
38400 58.5532
38500 58.7675
38600 59.0994
38700 59.2551
38800 59.4152
38900 59.6095
39000 60.0353
39100 60.4485
39200 60.6096
39300 60.5863
39400 60.4577
39500 60.5972
39600 60.7091
39700 60.8889
39800 61.0264
39900 61.0664
40000 61.2155
40100 61.6701
40200 61.9366
40300 62.3129
40400 62.9013
40500 63.1618
40600 63.2657
40700 63.1986
40800 63.4944
40900 63.7738
41000 64.1007
41100 64.4123
41200 64.8497
41300 64.9994
41400 65.1026
41500 65.3744
41600 65.8616
41700 66.2199
41800 66.309
41900 66.7464
42000 66.7073
42100 66.8117
42200 67.169
42300 67.3415
42400 67.8413
42500 68.1522
42600 68.2195
42700 68.213
42800 68.3886
42900 68.788
43000 69.3709
43100 69.8173
43200 70.1421
43300 70.1299
43400 70.0797
43500 70.0296
43600 69.9276
43700 69.896
43800 70.387
43900 70.5491
44000 71.0213
44100 71.5187
44200 71.646
44300 71.6556
44400 71.8037
44500 71.8993
44600 72.077
44700 72.3121
44800 72.5267
44900 72.9069
45000 73.5542
45100 73.5916
45200 73.3499
45300 73.5861
45400 74.0514
45500 74.3957
45600 74.6432
45700 74.5427
45800 74.2217
45900 73.4854
46000 73.0966
46100 73.078
46200 73.2881
46300 73.312
46400 73.4448
46500 73.5656
46600 74.0711
46700 74.0611
46800 74.0297
46900 74.1827
47000 74.6121
47100 74.9589
47200 75.557
47300 75.8269
47400 76.4748
47500 76.9826
47600 77.5805
47700 77.7548
47800 77.7566
47900 77.8005
48000 77.5146
48100 77.0688
48200 76.6212
48300 76.0219
48400 75.8993
48500 75.7696
48600 76.1455
48700 76.3123
48800 76.3756
48900 76.4038
49000 76.4836
49100 76.4761
49200 76.7636
49300 77.2913
49400 77.7633
49500 78.3195
49600 78.6379
49700 78.8044
49800 78.7084
49900 78.516
50000 78.47
50100 78.4641
50200 78.0644
50300 77.451
50400 77.0303
50500 76.6206
50600 76.5673
50700 76.9436
50800 77.1202
50900 77.1413
51000 77.2825
51100 77.6477
51200 77.8222
51300 78.3657
51400 78.4884
51500 78.1747
51600 78.2298
51700 78.1417
51800 78.3925
51900 79.0542
52000 79.4733
52100 79.2521
52200 79.4576
52300 79.3958
52400 79.3403
52500 79.7208
52600 80.2243
52700 80.4792
52800 80.4984
52900 80.6072
53000 80.5699
53100 80.5821
53200 80.6352
53300 80.4736
53400 79.946
53500 79.4989
53600 79.3786
53700 79.2764
53800 79.2747
53900 79.5618
54000 79.7602
54100 79.844
54200 80.1547
54300 80.7442
54400 81.1968
54500 81.45
54600 81.7709
54700 81.7527
54800 81.8476
54900 81.8884
55000 81.6287
55100 81.6917
55200 81.3895
55300 81.1589
55400 80.9212
55500 80.217
55600 79.5541
55700 79.2119
55800 79.5415
55900 79.7858
56000 80.1189
56100 80.6533
56200 81.1323
56300 81.5326
56400 81.9145
56500 82.7928
56600 83.5639
56700 83.9522
56800 83.9908
56900 83.94
57000 83.847
57100 83.7403
57200 83.9994
57300 84.4585
57400 84.6148
57500 84.9548
57600 85.1521
57700 85.7091
57800 86.5544
57900 87.1723
58000 87.8089
58100 88.1966
58200 88.2914
58300 88.0237
58400 87.6103
58500 87.2341
58600 87.22
58700 87.349
58800 87.0854
58900 86.7027
59000 86.576
59100 86.1592
59200 86.0668
59300 85.9867
59400 86.0314
59500 86.069
59600 86.1026
59700 85.8071
59800 85.738
59900 85.7888
60000 86.0166
60100 86.1031
60200 86.1281
60300 86.2313
60400 86.4749
60500 86.7677
60600 87.0776
60700 87.1339
60800 87.1017
60900 87.0687
61000 86.9058
61100 87.0081
61200 87.1503
61300 86.7322
61400 86.696
61500 86.3189
61600 86.0456
61700 85.7468
61800 85.4747
61900 85.1625
62000 85.1
62100 84.9264
62200 85.143
62300 85.2036
62400 84.9327
62500 84.9401
62600 85.0125
62700 85.2379
62800 85.6012
62900 85.8359
63000 86.371
63100 86.5548
63200 86.463
63300 86.1171
63400 85.5228
63500 85.7464
63600 85.9791
63700 86.0315
63800 86.2758
63900 86.4265
64000 86.9877
64100 87.541
64200 87.6424
64300 87.5181
64400 87.3843
64500 87.0503
64600 86.797
64700 86.6765
64800 86.8563
64900 87.0076
65000 86.9004
65100 86.9962
65200 87.1664
65300 87.4831
65400 87.943
65500 88.3321
65600 88.4122
65700 88.6892
65800 88.5667
65900 88.5666
66000 88.0124
66100 87.3193
66200 86.8325
66300 86.8808
66400 87.2369
66500 87.2405
66600 87.1318
66700 86.9403
66800 86.7548
66900 86.7118
67000 86.7137
67100 86.6931
67200 86.6439
67300 86.9252
67400 86.6345
67500 86.5502
67600 86.7258
67700 87.1081
67800 87.5228
67900 87.4545
68000 87.2166
68100 87.2586
68200 87.4001
68300 87.6509
68400 87.8193
68500 88.2702
68600 88.5616
68700 89.0902
68800 89.3653
68900 89.3003
69000 89.4987
69100 89.6678
69200 89.7646
69300 89.5123
69400 89.4437
69500 89.2995
69600 89.1578
69700 89.5436
69800 89.9214
69900 90.2602
70000 90.7218
70100 90.8354
70200 90.3213
70300 90.4779
70400 91.1312
70500 91.3704
70600 91.4919
70700 91.6873
70800 91.7316
70900 91.5078
71000 91.5536
71100 91.8268
71200 92.6351
71300 93.1807
71400 93.2632
71500 93.9258
71600 94.757
71700 95.107
71800 95.6533
71900 96.1933
72000 96.4543
72100 96.5696
72200 96.4876
72300 96.5208
72400 96.9975
72500 97.1813
72600 97.2398
72700 97.4538
72800 97.5197
72900 97.333
73000 97.2091
73100 96.992
73200 96.3837
73300 96.0807
73400 95.7528
73500 95.4519
73600 95.6339
73700 96.259
73800 96.551
73900 96.3674
74000 96.4821
74100 96.2489
74200 95.7915
74300 95.8875
74400 96.1991
74500 96.2104
74600 96.53
74700 96.8728
74800 97.1036
74900 97.2292
75000 97.6282
75100 97.7022
75200 97.7714
75300 98.1005
75400 98.3505
75500 98.6971
75600 99.0209
75700 99.5288
75800 99.891
75900 99.8312
76000 99.974
76100 100.292
76200 100.8
76300 101.047
76400 100.768
76500 100.807
76600 101.286
76700 101.798
76800 102.496
76900 102.821
77000 103.333
77100 104.06
77200 104.249
77300 103.929
77400 103.73
77500 103.811
77600 103.858
77700 103.983
77800 104.469
77900 104.341
78000 104.297
78100 104.211
78200 104.192
78300 104.408
78400 104.799
78500 105.392
78600 106.097
78700 106.619
78800 107.034
78900 107.165
79000 107.305
79100 107.09
79200 106.677
79300 106.638
79400 106.348
79500 106.392
79600 106.381
79700 107.156
79800 107.198
79900 106.805
80000 106.511
80100 106.043
80200 105.723
80300 105.504
80400 105.705
80500 106.117
80600 106.14
80700 106.438
80800 106.729
80900 106.953
81000 107.146
81100 107.019
81200 107.226
81300 107.811
81400 108.285
81500 108.678
81600 108.766
81700 108.927
81800 108.683
81900 108.89
82000 109.208
82100 109.412
82200 109.513
82300 109.705
82400 110.2
82500 110.503
82600 110.558
82700 110.584
82800 110.922
82900 111.467
83000 111.378
83100 111.059
83200 110.985
83300 110.683
83400 110.234
83500 110.192
83600 110.576
83700 111.569
83800 112.348
83900 112.877
84000 113.203
84100 113.341
84200 113.013
84300 113.082
84400 112.967
84500 112.794
84600 112.833
84700 112.64
84800 112.846
84900 112.752
85000 111.957
85100 112.22
85200 113.042
85300 113.523
85400 114.189
85500 114.416
85600 114.517
85700 114.819
85800 114.906
85900 115.261
86000 115.315
86100 115.299
86200 115.06
86300 115.242
86400 115.601
86500 115.588
86600 115.893
86700 116.235
86800 116.663
86900 116.91
87000 117.387
87100 118.218
87200 119.214
87300 120.053
87400 120.811
87500 121.194
87600 121.872
87700 122.322
87800 122.531
87900 123.083
88000 123.564
88100 124.162
88200 123.964
88300 123.268
88400 123.073
88500 123.273
88600 123.158
88700 123.003
88800 123.195
88900 123.875
89000 124.175
89100 124.098
89200 123.598
89300 123.059
89400 122.811
89500 122.826
89600 122.694
89700 122.511
89800 122.456
89900 122.787
90000 122.928
90100 123.073
90200 122.752
90300 122.224
90400 121.998
90500 121.999
90600 122.394
90700 122.824
90800 123.423
90900 123.786
91000 123.938
91100 124.425
91200 124.635
91300 124.763
91400 125.231
91500 125.321
91600 125.918
91700 126.371
91800 126.855
91900 127.463
92000 127.293
92100 127.67
92200 127.413
92300 127.316
92400 127.139
92500 126.677
92600 126.404
92700 126.318
92800 126.465
92900 126.182
93000 126.279
93100 126.492
93200 126.341
93300 126.119
93400 126.437
93500 126.907
93600 127.468
93700 127.745
93800 127.972
93900 128.414
94000 128.875
94100 129.139
94200 129.394
94300 129.404
94400 129.984
94500 130.618
94600 131.484
94700 132.002
94800 131.947
94900 131.959
95000 131.675
95100 131.825
95200 132.09
95300 132.341
95400 132.715
95500 132.856
95600 133.008
95700 133.193
95800 132.694
95900 132.346
96000 132.471
96100 132.469
96200 132.621
96300 133.406
96400 133.552
96500 133.609
96600 133.575
96700 133.514
96800 133.875
96900 134.399
97000 134.361
97100 134.541
97200 135.057
97300 135.497
97400 136.072
97500 136.58
97600 136.744
97700 137.621
97800 138.395
97900 138.711
98000 138.553
98100 138.562
98200 138.533
98300 138.31
98400 138.153
98500 137.873
98600 137.698
98700 137.704
98800 137.67
98900 137.458
99000 137.199
99100 137.208
99200 137.742
99300 138.403
99400 139.178
99500 139.506
99600 139.587
99700 139.746
99800 140.251
99900 140.28
100000 140.417
