# Time-averaged data for fix msd_avg_all
# TimeStep c_msd_12_20_1[4]
0 5.93649e-29
100 0.523413
200 1.1631
300 1.70914
400 2.21867
500 2.68723
600 3.11123
700 3.5474
800 3.88071
900 4.19985
1000 4.57721
1100 4.95309
1200 5.33591
1300 5.68648
1400 6.05451
1500 6.42283
1600 6.75281
1700 7.05366
1800 7.32564
1900 7.56109
2000 7.85613
2100 8.10467
2200 8.43151
2300 8.68757
2400 8.95258
2500 9.26514
2600 9.5608
2700 9.84811
2800 10.0808
2900 10.26
3000 10.4608
3100 10.6815
3200 10.9633
3300 11.1578
3400 11.3543
3500 11.5532
3600 11.8033
3700 12.1245
3800 12.3783
3900 12.6212
4000 12.8751
4100 13.0488
4200 13.2217
4300 13.3715
4400 13.5529
4500 13.7801
4600 14.0475
4700 14.3171
4800 14.5087
4900 14.6976
5000 14.926
5100 15.1979
5200 15.5215
5300 15.8029
5400 16.0601
5500 16.2302
5600 16.4739
5700 16.7388
5800 16.9869
5900 17.2169
6000 17.4625
6100 17.6632
6200 17.7687
6300 17.9217
6400 18.0519
6500 18.1001
6600 18.1415
6700 18.4367
6800 18.7089
6900 18.9986
7000 19.273
7100 19.614
7200 19.8848
7300 20.0058
7400 20.1571
7500 20.3686
7600 20.6092
7700 20.7477
7800 20.9965
7900 21.1105
8000 21.3326
8100 21.5461
8200 21.8052
8300 22.1247
8400 22.4293
8500 22.6496
8600 22.864
8700 23.0862
8800 23.4296
8900 23.7441
9000 24.002
9100 24.1375
9200 24.281
9300 24.6159
9400 24.9785
9500 25.2329
9600 25.4632
9700 25.7215
9800 25.9632
9900 26.1997
10000 26.5129
10100 26.6457
10200 26.8039
10300 27.0574
10400 27.3188
10500 27.4942
10600 27.7715
10700 27.9126
10800 28.056
10900 28.2113
11000 28.3928
11100 28.6682
11200 28.8725
11300 29.0881
11400 29.2662
11500 29.5093
11600 29.7755
11700 30.1218
11800 30.3213
11900 30.5862
12000 30.8462
12100 31.1452
12200 31.4203
12300 31.7151
12400 32.1367
12500 32.4502
12600 32.5733
12700 32.6365
12800 32.6482
12900 32.7076
13000 32.9204
13100 33.1806
13200 33.3938
13300 33.5971
13400 33.7787
13500 33.9148
13600 34.0645
13700 34.1547
13800 34.2446
13900 34.2508
14000 34.4267
14100 34.4331
14200 34.6612
14300 34.9128
14400 35.0288
14500 35.0829
14600 35.1516
14700 35.3376
14800 35.499
14900 35.6281
15000 35.887
15100 36.0556
15200 36.2319
15300 36.3485
15400 36.3512
15500 36.3525
15600 36.3544
15700 36.4465
15800 36.6289
15900 36.7817
16000 36.9852
16100 37.1311
16200 37.1686
16300 37.2635
16400 37.4713
16500 37.7207
16600 38.0164
16700 38.4024
16800 38.721
16900 38.9874
17000 39.3664
17100 39.6215
17200 39.9891
17300 40.313
17400 40.511
17500 40.7345
17600 40.9142
17700 41.1401
17800 41.2434
17900 41.278
18000 41.3353
18100 41.4868
18200 41.6318
18300 41.8955
18400 42.1244
18500 42.2433
18600 42.2362
18700 42.3588
18800 42.4463
18900 42.5308
19000 42.6625
19100 42.858
19200 43.0492
19300 43.2006
19400 43.4157
19500 43.7501
19600 43.9742
19700 44.436
19800 44.633
19900 44.861
20000 45.2205
20100 45.378
20200 45.5078
20300 45.8292
20400 45.9719
20500 46.1249
20600 46.4141
20700 46.5875
20800 46.8264
20900 46.969
21000 47.1607
21100 47.3871
21200 47.5498
21300 47.6782
21400 47.8753
21500 47.9251
21600 48.0109
21700 48.2709
21800 48.4033
21900 48.5953
22000 48.9261
22100 49.121
22200 49.2522
22300 49.4261
22400 49.689
22500 49.9461
22600 50.0712
22700 50.4714
22800 50.6419
22900 50.7658
23000 50.9497
23100 51.1284
23200 51.2662
23300 51.4205
23400 51.4789
23500 51.6745
23600 51.8379
23700 52.0421
23800 52.2568
23900 52.3361
24000 52.4736
24100 52.602
24200 52.6956
24300 52.8229
24400 53.0066
24500 53.1101
24600 53.3572
24700 53.6344
24800 53.8396
24900 54.1777
25000 54.6048
25100 55.0452
25200 55.2091
25300 55.3231
25400 55.445
25500 55.5838
25600 55.8067
25700 55.9597
25800 56.1394
25900 56.4638
26000 56.7239
26100 56.8282
26200 56.9114
26300 56.9751
26400 57.0762
26500 57.3024
26600 57.3779
26700 57.6398
26800 58.0658
26900 58.2112
27000 58.4056
27100 58.6266
27200 58.8475
27300 58.9322
27400 58.9735
27500 58.9526
27600 58.9285
27700 59.0498
27800 59.2548
27900 59.3982
28000 59.5256
28100 59.6486
28200 59.7489
28300 59.9553
28400 60.1164
28500 60.3104
28600 60.3765
28700 60.4967
28800 60.6311
28900 60.7231
29000 60.774
29100 60.8511
29200 60.7023
29300 60.4464
29400 60.6707
29500 60.7682
29600 61.0086
29700 61.1678
29800 61.1442
29900 61.3652
30000 61.4985
30100 61.6602
30200 61.9337
30300 62.1572
30400 62.3879
30500 62.5767
30600 62.7323
30700 62.949
30800 63.1905
30900 63.4095
31000 63.766
31100 64.0547
31200 64.3782
31300 64.4975
31400 64.6434
31500 64.894
31600 64.9689
31700 65.1346
31800 65.3791
31900 65.6802
32000 65.8594
32100 66.0875
32200 66.0562
32300 66.2915
32400 66.683
32500 66.9694
32600 67.1031
32700 67.3135
32800 67.5795
32900 67.8135
33000 68.1035
33100 68.2921
33200 68.5864
33300 68.6965
33400 68.9602
33500 69.1773
33600 69.4298
33700 69.5513
33800 69.7832
33900 69.8932
34000 70.2026
34100 70.3698
34200 70.4422
34300 70.5511
34400 70.6821
34500 71.1011
34600 71.315
34700 71.6555
34800 71.876
34900 71.9559
35000 72.1864
35100 72.4586
35200 72.7789
35300 73.0958
35400 73.329
35500 73.5275
35600 73.7495
35700 74.0923
35800 74.5424
35900 74.8543
36000 75.1741
36100 75.4721
36200 75.6748
36300 76.0193
36400 76.3925
36500 76.6968
36600 76.8703
36700 77.2814
36800 77.5452
36900 77.9284
37000 78.3413
37100 78.6886
37200 79.0239
37300 79.4339
37400 79.772
37500 79.9122
37600 79.9474
37700 80.2602
37800 80.3332
37900 80.5017
38000 80.5698
38100 80.6433
38200 80.7186
38300 80.917
38400 81.2717
38500 81.6011
38600 81.8359
38700 82.0624
38800 82.2615
38900 82.4276
39000 82.9172
39100 83.4451
39200 83.8144
39300 84.0904
39400 84.0865
39500 84.3471
39600 84.6983
39700 84.9616
39800 85.2658
39900 85.5095
40000 85.8513
40100 86.0129
40200 86.3459
40300 86.5619
40400 86.6893
40500 86.8609
40600 86.9615
40700 87.1178
40800 87.3044
40900 87.7374
41000 87.9937
41100 88.3904
41200 88.591
41300 88.6865
41400 88.68
41500 88.8759
41600 89.208
41700 89.4504
41800 89.6935
41900 89.8298
42000 89.9597
42100 90.111
42200 90.2723
42300 90.3855
42400 90.6698
42500 90.8606
42600 91.1132
42700 91.3287
42800 91.5719
42900 91.8201
43000 91.8915
43100 92.0269
43200 92.0174
43300 92.0783
43400 92.1167
43500 92.1914
43600 92.4121
43700 92.6959
43800 92.9225
43900 93.0956
44000 93.3838
44100 93.455
44200 93.5329
44300 93.698
44400 93.5716
44500 93.5209
44600 93.8073
44700 94.1418
44800 94.4557
44900 94.7531
45000 95.1466
45100 95.3875
45200 95.585
45300 95.5675
45400 95.5284
45500 95.6748
45600 95.7565
45700 95.9985
45800 96.2698
45900 96.3178
46000 96.3657
46100 96.6998
46200 96.9375
46300 97.1024
46400 97.3159
46500 97.3479
46600 97.6576
46700 97.8874
46800 98.1534
46900 98.4449
47000 98.5475
47100 98.5991
47200 98.7011
47300 98.8549
47400 99.0857
47500 99.1915
47600 99.5883
47700 99.8684
47800 100.001
47900 100.268
48000 100.739
48100 101.077
48200 101.388
48300 101.749
48400 101.936
48500 102.064
48600 102.158
48700 102.247
48800 102.282
48900 102.428
49000 102.673
49100 102.846
49200 103.034
49300 103.143
49400 103.278
49500 103.496
49600 103.513
49700 103.452
49800 103.45
49900 103.451
50000 103.46
50100 103.521
50200 103.571
50300 103.671
50400 103.848
50500 104.071
50600 104.243
50700 104.308
50800 104.431
50900 104.547
51000 104.886
51100 105.206
51200 105.5
51300 105.69
51400 105.69
51500 105.977
51600 106.403
51700 106.713
51800 107.207
51900 107.339
52000 107.787
52100 108.259
52200 108.402
52300 108.48
52400 108.711
52500 108.907
52600 109.029
52700 109.327
52800 109.543
52900 109.845
53000 109.944
53100 110.021
53200 110.124
53300 110.523
53400 110.583
53500 110.447
53600 110.237
53700 110.267
53800 110.409
53900 110.539
54000 110.642
54100 110.719
54200 110.584
54300 110.581
54400 110.63
54500 110.836
54600 110.87
54700 110.916
54800 111.116
54900 111.266
55000 111.551
55100 111.862
55200 112.129
55300 112.474
55400 112.923
55500 113.262
55600 113.476
55700 113.648
55800 113.931
55900 114.142
56000 114.175
56100 114.269
56200 114.51
56300 114.604
56400 114.688
56500 114.854
56600 114.831
56700 115.057
56800 115.122
56900 115.076
57000 115.293
57100 115.284
57200 115.441
57300 115.644
57400 116.013
57500 116.454
57600 116.777
57700 116.83
57800 116.993
57900 117.179
58000 117.309
58100 117.509
58200 117.488
58300 117.601
58400 117.831
58500 118.171
58600 118.181
58700 118.382
58800 118.479
58900 118.665
59000 118.826
59100 119.247
59200 119.637
59300 119.696
59400 119.822
59500 120.192
59600 120.354
59700 120.436
59800 120.77
59900 120.83
60000 121.005
60100 121.159
60200 121.381
60300 121.547
60400 121.598
60500 121.646
60600 121.943
60700 122.1
60800 122.43
60900 122.777
61000 123.333
61100 123.725
61200 124.018
61300 124.128
61400 124.156
61500 124.204
61600 124.327
61700 124.452
61800 124.661
61900 124.888
62000 124.926
62100 124.761
62200 124.959
62300 125.258
62400 125.7
62500 126.233
62600 126.599
62700 126.802
62800 126.866
62900 127.289
63000 127.617
63100 128.062
63200 128.644
63300 129.11
63400 129.485
63500 129.574
63600 129.741
63700 129.927
63800 130.314
63900 130.856
64000 130.882
64100 130.83
64200 130.921
64300 131.013
64400 130.972
64500 130.965
64600 131.363
64700 131.722
64800 131.981
64900 132.039
65000 132.265
65100 132.405
65200 132.464
65300 132.544
65400 132.8
65500 132.937
65600 132.945
65700 132.879
65800 132.787
65900 132.954
66000 133.426
66100 133.583
66200 133.821
66300 133.961
66400 133.996
66500 134.098
66600 134.183
66700 133.9
66800 133.778
66900 133.754
67000 134.123
67100 134.609
67200 134.781
67300 134.695
67400 134.832
67500 135.034
67600 135.116
67700 134.96
67800 135.234
67900 135.402
68000 135.717
68100 135.8
68200 136.107
68300 136.482
68400 136.691
68500 136.8
68600 136.858
68700 136.741
68800 136.714
68900 136.929
69000 137.158
69100 137.372
69200 137.511
69300 137.909
69400 138.365
69500 138.493
69600 138.679
69700 138.885
69800 139.097
69900 139.149
70000 139.208
70100 139.243
70200 139.508
70300 139.771
70400 140.242
70500 140.694
70600 141.046
70700 141.288
70800 141.475
70900 141.651
71000 141.504
71100 141.512
71200 141.713
71300 142.04
71400 142.098
71500 142.444
71600 142.566
71700 142.779
71800 143.017
71900 143.091
72000 143.114
72100 143.258
72200 143.482
72300 143.765
72400 144.018
72500 144.045
72600 144.171
72700 144.343
72800 144.339
72900 144.531
73000 144.675
73100 144.722
73200 144.586
73300 144.503
73400 144.749
73500 144.809
73600 144.974
73700 145.358
73800 145.786
73900 146.019
74000 146.208
74100 146.249
74200 146.317
74300 146.729
74400 147.126
74500 147.397
74600 147.544
74700 147.669
74800 148.004
74900 148.142
75000 148.076
75100 148.28
75200 148.476
75300 148.497
75400 148.555
75500 148.724
75600 149.007
75700 149.299
75800 149.568
75900 149.865
76000 149.872
76100 149.824
76200 150.104
76300 150.479
76400 150.713
76500 150.841
76600 151.005
76700 151.149
76800 151.245
76900 151.195
77000 151.35
77100 151.423
77200 151.601
77300 151.93
77400 151.998
77500 151.959
77600 152.193
77700 152.183
77800 152.165
77900 152.137
78000 152.191
78100 152.362
78200 152.609
78300 152.941
78400 153.21
78500 153.504
78600 153.724
78700 154.012
78800 154.094
78900 154.233
79000 154.403
79100 154.636
79200 154.655
79300 154.551
79400 154.329
79500 154.143
79600 154.312
79700 154.879
79800 155.015
79900 154.944
80000 155.216
80100 155.503
80200 155.549
80300 155.462
80400 155.406
80500 155.185
80600 155.138
80700 155.036
80800 154.96
80900 155.185
81000 155.803
81100 156.151
81200 156.273
81300 156.392
81400 156.547
81500 156.716
81600 156.853
81700 156.814
81800 156.882
81900 156.855
82000 157.239
82100 157.589
82200 158.117
82300 158.709
82400 159.052
82500 159.145
82600 159.19
82700 159.397
82800 159.648
82900 159.645
83000 160.047
83100 160.195
83200 160.147
83300 160.296
83400 160.35
83500 160.515
83600 160.663
83700 161.031
83800 160.963
83900 161.054
84000 161.316
84100 161.347
84200 161.535
84300 161.886
84400 162.308
84500 162.426
84600 162.68
84700 162.858
84800 162.941
84900 162.94
85000 162.686
85100 162.647
85200 163.081
85300 163.6
85400 163.859
85500 164.06
85600 164.187
85700 164.558
85800 164.843
85900 165.18
86000 165.274
86100 165.415
86200 165.396
86300 165.744
86400 165.986
86500 166.444
86600 166.875
86700 167.342
86800 167.968
86900 168.356
87000 168.482
87100 168.601
87200 168.818
87300 168.924
87400 168.902
87500 169.149
87600 169.201
87700 169.222
87800 169.181
87900 168.988
88000 169.082
88100 169.263
88200 169.721
88300 170.088
88400 169.982
88500 169.859
88600 169.955
88700 170.26
88800 170.569
88900 170.843
89000 171.128
89100 171.419
89200 171.627
89300 171.562
89400 171.711
89500 171.608
89600 171.737
89700 172.114
89800 172.028
89900 172.161
90000 172.376
90100 172.5
90200 172.661
90300 172.718
90400 172.791
90500 173.103
90600 173.431
90700 173.338
90800 173.296
90900 173.753
91000 174.404
91100 174.712
91200 174.815
91300 175.07
91400 175.025
91500 174.84
91600 174.916
91700 175.191
91800 175.419
91900 175.25
92000 175.464
92100 175.855
92200 176.319
92300 176.604
92400 176.631
92500 176.823
92600 177.045
92700 177.129
92800 177.401
92900 177.508
93000 177.802
93100 177.658
93200 177.647
93300 177.881
93400 177.997
93500 178.173
93600 178.708
93700 179.111
93800 179.327
93900 179.401
94000 179.421
94100 179.556
94200 179.544
94300 179.668
94400 180.296
94500 181.03
94600 181.36
94700 181.862
94800 182.185
94900 182.455
95000 182.468
95100 182.377
95200 182.345
95300 182.237
95400 182.394
95500 182.66
95600 183.012
95700 183.262
95800 183.205
95900 183.294
96000 183.679
96100 183.868
96200 184.111
96300 184.403
96400 184.62
96500 184.863
96600 185.007
96700 185.249
96800 185.326
96900 185.25
97000 185.042
97100 185.31
97200 185.581
97300 185.701
97400 185.487
97500 185.635
97600 185.942
97700 185.773
97800 185.291
97900 184.787
98000 184.685
98100 184.564
98200 184.794
98300 184.746
98400 184.718
98500 184.68
98600 184.737
98700 184.899
98800 184.959
98900 185.056
99000 185.379
99100 185.879
99200 186.204
99300 186.247
99400 186.366
99500 186.433
99600 186.208
99700 186.129
99800 186.129
99900 186.203
100000 186.425
