# Time-averaged data for fix msd_avg_all
# TimeStep c_msd_12_10_1[4]
0 3.75386e-30
100 0.562886
200 1.27807
300 1.91796
400 2.55947
500 3.1746
600 3.71438
700 4.19328
800 4.5988
900 5.05306
1000 5.52604
1100 6.00409
1200 6.40332
1300 6.7771
1400 7.15104
1500 7.58868
1600 7.94683
1700 8.36087
1800 8.77426
1900 9.18054
2000 9.53262
2100 9.95442
2200 10.4298
2300 10.9121
2400 11.3665
2500 11.6559
2600 11.9489
2700 12.2216
2800 12.5584
2900 12.8653
3000 13.2006
3100 13.5394
3200 13.7534
3300 14.0171
3400 14.4147
3500 14.7065
3600 14.9022
3700 15.0368
3800 15.2618
3900 15.4906
4000 15.713
4100 16.1119
4200 16.4809
4300 16.8234
4400 17.1267
4500 17.3725
4600 17.5586
4700 17.8192
4800 18.0803
4900 18.5059
5000 18.7582
5100 18.9622
5200 19.3062
5300 19.7153
5400 20.0983
5500 20.3981
5600 20.7705
5700 21.1783
5800 21.6255
5900 22.0069
6000 22.3407
6100 22.6468
6200 22.9112
6300 23.2213
6400 23.4735
6500 23.7761
6600 24.1216
6700 24.5162
6800 24.9463
6900 25.2586
7000 25.4626
7100 25.6681
7200 26.0478
7300 26.3402
7400 26.685
7500 26.8957
7600 27.2067
7700 27.4295
7800 27.7516
7900 27.9472
8000 27.982
8100 27.9118
8200 28.1965
8300 28.6164
8400 29.0422
8500 29.3964
8600 29.7391
8700 30.1249
8800 30.4887
8900 30.7992
9000 30.9818
9100 31.2093
9200 31.6354
9300 32.0343
9400 32.3469
9500 32.9228
9600 33.4172
9700 33.87
9800 34.3472
9900 34.6976
10000 35.2139
10100 35.7878
10200 36.1373
10300 36.3446
10400 36.5672
10500 36.9678
10600 37.3219
10700 37.4872
10800 37.8205
10900 38.0211
11000 38.3504
11100 38.6382
11200 39.1148
11300 39.419
11400 39.5316
11500 39.6805
11600 39.9166
11700 40.2308
11800 40.68
11900 41.0705
12000 41.4372
12100 41.8634
12200 42.2652
12300 42.6839
12400 43.104
12500 43.4457
12600 43.6731
12700 43.6662
12800 43.4998
12900 43.5071
13000 43.862
13100 44.1626
13200 44.4962
13300 44.9221
13400 45.1004
13500 45.3228
13600 45.6282
13700 45.814
13800 46.0717
13900 46.2947
14000 46.4636
14100 46.5805
14200 46.7386
14300 46.9626
14400 47.1962
14500 47.3583
14600 47.5435
14700 47.7589
14800 48.2287
14900 48.5628
15000 48.7271
15100 48.9347
15200 49.055
15300 49.3209
15400 49.4802
15500 49.6013
15600 49.784
15700 49.9418
15800 50.5113
15900 50.8956
16000 51.2299
16100 51.4598
16200 51.6857
16300 51.944
16400 52.1087
16500 52.2935
16600 52.4475
16700 52.5445
16800 52.6863
16900 53.0112
17000 53.369
17100 53.622
17200 53.888
17300 54.1464
17400 54.3516
17500 54.444
17600 54.4807
17700 54.4761
17800 54.4545
17900 54.5217
18000 54.6356
18100 54.8491
18200 55.2367
18300 55.5841
18400 55.7735
18500 55.8404
18600 56.3374
18700 56.6746
18800 56.7791
18900 57.1012
19000 57.553
19100 58.0178
19200 58.4586
19300 58.8448
19400 59.1665
19500 59.7393
19600 60.3464
19700 60.8882
19800 61.1746
19900 61.3543
20000 61.4311
20100 61.4668
20200 61.5755
20300 61.4736
20400 61.4803
20500 61.4592
20600 61.4243
20700 61.5307
20800 61.5818
20900 61.7299
21000 61.8281
21100 61.8345
21200 62.061
21300 62.4146
21400 62.8024
21500 63.0097
21600 63.2999
21700 63.493
21800 63.7398
21900 63.8379
22000 64.1165
22100 64.4991
22200 64.5875
22300 64.8918
22400 65.3537
22500 65.4939
22600 65.484
22700 65.9264
22800 66.2777
22900 66.4558
23000 66.6604
23100 66.9613
23200 67.2338
23300 67.571
23400 67.6555
23500 67.7542
23600 68.117
23700 68.4833
23800 68.719
23900 69.232
24000 69.8013
24100 70.0991
24200 70.3927
24300 70.5437
24400 70.5931
24500 71.0404
24600 71.4539
24700 71.8097
24800 72.217
24900 72.1996
25000 71.9456
25100 71.7582
25200 71.9282
25300 72.102
25400 72.5252
25500 73.118
25600 73.2751
25700 73.4054
25800 73.5224
25900 73.8879
26000 74.3043
26100 74.7533
26200 75.0206
26300 75.2056
26400 75.5919
26500 75.9092
26600 76.1527
26700 76.3522
26800 76.5785
26900 76.8895
27000 77.4615
27100 78.1662
27200 78.6363
27300 79.0083
27400 79.4075
27500 79.5689
27600 79.6869
27700 79.836
27800 79.8359
27900 79.7412
28000 80.0978
28100 80.326
28200 80.1818
28300 80.0917
28400 80.0561
28500 80.3878
28600 80.6986
28700 80.7885
28800 81.2052
28900 81.7649
29000 81.8723
29100 81.9277
29200 82.0317
29300 82.1144
29400 82.3217
29500 82.2984
29600 82.4779
29700 82.8295
29800 83.1603
29900 83.2617
30000 83.0915
30100 82.7643
30200 82.8528
30300 83.1882
30400 83.3699
30500 83.4194
30600 83.5363
30700 83.8745
30800 84.197
30900 84.5307
31000 84.7294
31100 84.9151
31200 84.9903
31300 85.2356
31400 85.816
31500 86.2082
31600 86.7641
31700 87.2032
31800 87.5654
31900 87.8582
32000 87.973
32100 88.1027
32200 87.8774
32300 87.7844
32400 87.7777
32500 87.9573
32600 88.1412
32700 88.4561
32800 88.9014
32900 89.3702
33000 89.543
33100 89.7332
33200 90.1704
33300 90.6458
33400 91.0447
33500 91.4255
33600 91.5817
33700 91.7224
33800 92.0946
33900 92.555
34000 93.0224
34100 93.4508
34200 93.7794
34300 94.2549
34400 94.399
34500 94.5116
34600 94.4872
34700 94.9609
34800 95.4938
34900 95.5435
35000 95.7779
35100 96.2132
35200 96.4008
35300 96.4269
35400 96.3747
35500 96.4906
35600 96.4646
35700 96.4758
35800 96.7454
35900 97.0287
36000 97.5247
36100 98.1809
36200 98.8024
36300 99.1651
36400 99.4032
36500 99.974
36600 100.6
36700 100.967
36800 101.233
36900 101.277
37000 101.25
37100 101.291
37200 101.46
37300 101.395
37400 101.196
37500 101.46
37600 101.851
37700 102.334
37800 102.314
37900 102.462
38000 102.917
38100 103.363
38200 103.448
38300 103.698
38400 103.982
38500 104.441
38600 104.556
38700 104.642
38800 104.998
38900 105.358
39000 105.368
39100 105.48
39200 105.831
39300 106.212
39400 106.612
39500 106.98
39600 107.429
39700 107.822
39800 108.16
39900 108.432
40000 108.867
40100 109.148
40200 109.452
40300 109.769
40400 110.04
40500 110.49
40600 110.708
40700 110.958
40800 111.437
40900 111.604
41000 112.148
41100 112.364
41200 112.47
41300 112.413
41400 112.155
41500 112.278
41600 112.597
41700 112.628
41800 112.537
41900 112.581
42000 112.52
42100 112.824
42200 113.41
42300 114.111
42400 114.603
42500 115.151
42600 115.725
42700 116.138
42800 116.605
42900 116.968
43000 117.179
43100 117.492
43200 117.56
43300 117.553
43400 117.859
43500 117.786
43600 117.895
43700 118.09
43800 118.037
43900 118.013
44000 118.108
44100 118.573
44200 119.064
44300 119.482
44400 119.748
44500 119.825
44600 120.003
44700 120.546
44800 120.855
44900 120.931
45000 121.109
45100 121.479
45200 121.773
45300 122.276
45400 122.747
45500 123.116
45600 123.059
45700 123.043
45800 122.722
45900 122.799
46000 122.391
46100 122.673
46200 122.849
46300 123.303
46400 123.536
46500 123.512
46600 123.555
46700 123.545
46800 123.665
46900 124.168
47000 124.138
47100 123.999
47200 123.819
47300 123.897
47400 123.795
47500 123.796
47600 124.042
47700 124.315
47800 124.184
47900 124.234
48000 124.494
48100 124.769
48200 125.067
48300 125.44
48400 125.406
48500 125.43
48600 125.411
48700 125.632
48800 125.483
48900 125.509
49000 125.737
49100 125.876
49200 126.137
49300 126.662
49400 126.974
49500 126.954
49600 127.287
49700 127.426
49800 127.437
49900 127.362
50000 127.503
50100 127.872
50200 128.112
50300 128.306
50400 128.331
50500 128.703
50600 129.324
50700 129.512
50800 129.766
50900 130.232
51000 130.489
51100 130.507
51200 130.424
51300 130.11
51400 129.864
51500 130.072
51600 130.391
51700 130.63
51800 130.828
51900 130.836
52000 130.716
52100 130.992
52200 131.343
52300 131.351
52400 131.288
52500 131.436
52600 132.194
52700 132.956
52800 133.82
52900 134.415
53000 134.728
53100 135.011
53200 135.152
53300 135.265
53400 135.339
53500 135.713
53600 136.079
53700 136.326
53800 136.897
53900 137.216
54000 137.196
54100 137.457
54200 137.829
54300 138.305
54400 138.586
54500 138.689
54600 138.824
54700 139.14
54800 139.678
54900 140.158
55000 140.294
55100 139.745
55200 139.234
55300 138.885
55400 139.028
55500 139.1
55600 139.304
55700 139.533
55800 139.721
55900 139.712
56000 139.867
56100 140.024
56200 140.373
56300 140.69
56400 141.026
56500 140.988
56600 140.985
56700 141.287
56800 141.577
56900 141.733
57000 142.273
57100 142.587
57200 142.729
57300 142.804
57400 142.92
57500 143.646
57600 143.806
57700 144.155
57800 144.49
57900 144.869
58000 145.169
58100 145.644
58200 145.995
58300 146.08
58400 146.236
58500 145.816
58600 145.963
58700 146.168
58800 146.8
58900 147.235
59000 147.658
59100 148.156
59200 148.147
59300 148.33
59400 148.54
59500 148.799
59600 149.082
59700 149.161
59800 149.121
59900 149.356
60000 149.735
60100 150.249
60200 150.923
60300 151.389
60400 152.029
60500 152.42
60600 153.261
60700 154.252
60800 155.087
60900 156.031
61000 157.165
61100 157.946
61200 158.355
61300 158.684
61400 159.251
61500 159.439
61600 159.5
61700 159.826
61800 159.786
61900 159.956
62000 160.333
62100 160.656
62200 160.979
62300 160.942
62400 160.901
62500 161.337
62600 161.99
62700 162.266
62800 162.668
62900 162.797
63000 162.545
63100 162.682
63200 163.322
63300 163.668
63400 164.28
63500 165.08
63600 165.24
63700 165.494
63800 166.221
63900 166.831
64000 167.287
64100 167.839
64200 168.3
64300 168.646
64400 169.266
64500 169.375
64600 169.64
64700 170.106
64800 170.407
64900 170.659
65000 170.346
65100 170.049
65200 170.01
65300 170.268
65400 170.389
65500 170.657
65600 170.902
65700 171.337
65800 171.724
65900 172.26
66000 172.48
66100 172.638
66200 173.239
66300 173.497
66400 173.461
66500 173.367
66600 173.036
66700 173.336
66800 173.578
66900 174.009
67000 174.627
67100 175.344
67200 175.547
67300 175.423
67400 175.311
67500 175.312
67600 175.438
67700 175.345
67800 174.886
67900 175.113
68000 175.519
68100 175.496
68200 175.956
68300 176.06
68400 176.174
68500 176.421
68600 176.947
68700 176.922
68800 176.806
68900 176.82
69000 176.886
69100 176.799
69200 177.384
69300 177.519
69400 177.666
69500 177.897
69600 178.259
69700 178.128
69800 178.18
69900 178.462
70000 179.016
70100 179.491
70200 180.015
70300 180.109
70400 180.546
70500 180.808
70600 180.843
70700 180.814
70800 181.112
70900 181.468
71000 181.904
71100 182.413
71200 182.805
71300 183.353
71400 183.917
71500 184.546
71600 184.995
71700 184.903
71800 184.828
71900 184.607
72000 184.643
72100 185.022
72200 185.535
72300 186.033
72400 186.471
72500 186.659
72600 186.993
72700 187.514
72800 187.708
72900 188.008
73000 187.99
73100 188.042
73200 188.313
73300 188.393
73400 188.344
73500 188.465
73600 188.297
73700 188.052
73800 188.3
73900 188.626
74000 189.066
74100 189.41
74200 189.514
74300 189.804
74400 189.503
74500 189.315
74600 189.826
74700 190.364
74800 191.003
74900 191.437
75000 191.55
75100 191.661
75200 192.028
75300 192.63
75400 192.962
75500 192.898
75600 192.752
75700 192.896
75800 193.182
75900 193.678
76000 193.964
76100 194.145
76200 194.252
76300 194.62
76400 195.129
76500 195.002
76600 195.281
76700 195.456
76800 195.861
76900 196.271
77000 196.064
77100 196.206
77200 196.45
77300 196.691
77400 197.407
77500 197.997
77600 198.675
77700 198.751
77800 198.609
77900 199.108
78000 199.673
78100 200.39
78200 201.103
78300 201.372
78400 201.976
78500 202.02
78600 201.848
78700 201.761
78800 202.233
78900 202.014
79000 201.758
79100 202.098
79200 202.431
79300 202.698
79400 202.866
79500 202.871
79600 203.203
79700 203.496
79800 203.852
79900 204.003
80000 204.311
80100 204.507
80200 204.651
80300 205.044
80400 205.324
80500 205.822
80600 205.938
80700 205.874
80800 206.086
80900 206.461
81000 206.731
81100 207.061
81200 206.947
81300 206.922
81400 207.486
81500 207.574
81600 207.081
81700 206.918
81800 207.144
81900 207.567
82000 208.004
82100 208.294
82200 208.338
82300 208.245
82400 208.638
82500 208.874
82600 209.415
82700 210.336
82800 211.01
82900 211.647
83000 211.768
83100 211.879
83200 211.917
83300 212.514
83400 213.011
83500 213.451
83600 214.244
83700 214.965
83800 215.273
83900 215.188
84000 215.008
84100 215.33
84200 215.824
84300 216.188
84400 216.369
84500 216.938
84600 217.712
84700 217.994
84800 218.001
84900 218.287
85000 218.607
85100 218.838
85200 219.244
85300 220.026
85400 220.763
85500 221.509
85600 221.914
85700 222.529
85800 222.978
85900 223.231
86000 223.259
86100 223.619
86200 224.009
86300 223.975
86400 223.927
86500 224.086
86600 223.816
86700 223.569
86800 223.403
86900 223.783
87000 224.31
87100 224.779
87200 225.611
87300 226.225
87400 226.539
87500 226.126
87600 225.966
87700 226.036
87800 226.05
87900 226.629
88000 226.903
88100 227.103
88200 227.481
88300 228.017
88400 228.328
88500 228.529
88600 229.028
88700 229.612
88800 230.22
88900 231.271
89000 232.093
89100 232.756
89200 233.391
89300 233.986
89400 233.969
89500 233.826
89600 234.214
89700 234.194
89800 234.682
89900 234.899
90000 235.121
90100 235.123
90200 235.085
90300 235.672
90400 236.239
90500 236.576
90600 236.991
90700 237.154
90800 237.274
90900 237.239
91000 236.765
91100 236.868
91200 236.766
91300 236.819
91400 236.892
91500 236.804
91600 236.457
91700 235.792
91800 235.381
91900 235.388
92000 235.571
92100 235.896
92200 235.97
92300 236.71
92400 236.949
92500 237.604
92600 238.369
92700 238.851
92800 239.311
92900 239.738
93000 240.333
93100 241.048
93200 241.29
93300 241.287
93400 241.479
93500 241.546
93600 241.822
93700 242.281
93800 242.81
93900 243.381
94000 243.877
94100 244.452
94200 244.53
94300 244.618
94400 244.797
94500 244.886
94600 244.132
94700 244.342
94800 244.314
94900 244.421
95000 244.68
95100 245.163
95200 245.405
95300 245.445
95400 245.647
95500 245.745
95600 246.133
95700 246.468
95800 247.456
95900 248.319
96000 249.167
96100 249.369
96200 249.951
96300 250.409
96400 250.697
96500 251.094
96600 251.353
96700 251.808
96800 252.497
96900 253.475
97000 254.064
97100 254.298
97200 254.652
97300 255.419
97400 255.999
97500 256.116
97600 255.959
97700 255.618
97800 255.789
97900 256.128
98000 256.421
98100 256.949
98200 257.381
98300 257.954
98400 258.367
98500 258.975
98600 260.193
98700 260.669
98800 261.393
98900 262.259
99000 263.672
99100 264.188
99200 264.202
99300 264.188
99400 264.127
99500 263.769
99600 263.698
99700 263.849
99800 263.578
99900 263.429
100000 263.402
