# Time-averaged data for fix msd_avg_all
# TimeStep c_msd_all[4]
0 1.26218e-29
100 0.545618
200 1.25194
300 1.88915
400 2.4966
500 3.11987
600 3.66155
700 4.14645
800 4.57326
900 4.99001
1000 5.39166
1100 5.83528
1200 6.33125
1300 6.80503
1400 7.23882
1500 7.74472
1600 8.11102
1700 8.49043
1800 8.86045
1900 9.18589
2000 9.51272
2100 9.82622
2200 10.0779
2300 10.301
2400 10.4804
2500 10.644
2600 10.9739
2700 11.2097
2800 11.3465
2900 11.4707
3000 11.5784
3100 11.7104
3200 11.943
3300 12.2841
3400 12.5674
3500 12.8318
3600 12.9894
3700 13.0482
3800 13.2641
3900 13.5959
4000 13.8151
4100 13.9392
4200 13.9473
4300 13.9744
4400 14.1242
4500 14.2596
4600 14.3806
4700 14.388
4800 14.3738
4900 14.4644
5000 14.6396
5100 14.9203
5200 15.2087
5300 15.3605
5400 15.4038
5500 15.3469
5600 15.411
5700 15.4656
5800 15.4595
5900 15.62
6000 15.8838
6100 16.1516
6200 16.4653
6300 16.7357
6400 17.1034
6500 17.5479
6600 17.9771
6700 18.1849
6800 18.2995
6900 18.3564
7000 18.6749
7100 19.1333
7200 19.5806
7300 20.0698
7400 20.6019
7500 20.8175
7600 21.0468
7700 21.4676
7800 21.9386
7900 22.1574
8000 22.2386
8100 22.2903
8200 22.3662
8300 22.4721
8400 22.6103
8500 22.6412
8600 22.5664
8700 22.6843
8800 22.9567
8900 23.0665
9000 23.2376
9100 23.2572
9200 23.1483
9300 23.0478
9400 23.1675
9500 23.3593
9600 23.5391
9700 23.8013
9800 24.0787
9900 24.3553
10000 24.7094
10100 25.0144
10200 25.1239
10300 25.2423
10400 25.3444
10500 25.5256
10600 25.7739
10700 25.9757
10800 26.1202
10900 26.4001
11000 26.7111
11100 27.2585
11200 27.4684
11300 27.5443
11400 27.3739
11500 27.4622
11600 27.553
11700 27.7954
11800 28.1658
11900 28.7711
12000 29.0538
12100 29.2754
12200 29.3747
12300 29.3254
12400 29.1502
12500 28.9986
12600 28.8068
12700 29.0281
12800 29.3466
12900 29.7817
13000 30.2045
13100 30.1593
13200 29.9281
13300 29.8743
13400 29.886
13500 29.7935
13600 29.9408
13700 30.3992
13800 30.6113
13900 30.9035
14000 31.1347
14100 31.316
14200 31.5667
14300 31.8771
14400 31.9353
14500 32.224
14600 32.5632
14700 32.6164
14800 32.7327
14900 33.1456
15000 33.1209
15100 33.4011
15200 33.5685
15300 33.6659
15400 34.0156
15500 34.2301
15600 34.1983
15700 34.1731
15800 34.2246
15900 34.2951
16000 34.3859
16100 34.5923
16200 34.6698
16300 34.4448
16400 34.3888
16500 34.6486
16600 34.871
16700 34.7938
16800 34.469
16900 34.3537
17000 34.1851
17100 34.1812
17200 34.175
17300 34.3173
17400 34.6093
17500 34.9668
17600 35.2808
17700 35.3619
17800 35.7393
17900 36.3384
18000 36.9203
18100 37.285
18200 37.5367
18300 37.592
18400 37.7715
18500 38.041
18600 38.2499
18700 38.4052
18800 38.4252
18900 38.5689
19000 38.8236
19100 39.1857
19200 39.01
19300 38.7403
19400 38.6233
19500 38.6197
19600 38.8514
19700 38.8418
19800 38.8589
19900 38.8926
20000 38.7625
20100 38.4959
20200 38.2454
20300 38.1289
20400 38.3854
20500 38.7526
20600 39.1325
20700 39.7443
20800 40.1532
20900 40.4427
21000 40.7969
21100 41.176
21200 41.2066
21300 40.9923
21400 40.9324
21500 41.0484
21600 41.2553
21700 41.5959
21800 42.0627
21900 42.2904
22000 42.3876
22100 42.2514
22200 42.2142
22300 42.0909
22400 41.9335
22500 41.9586
22600 42.1627
22700 42.1316
22800 42.2529
22900 42.3423
23000 42.3638
23100 42.4202
23200 42.5442
23300 42.7268
23400 42.7575
23500 42.8523
23600 42.8426
23700 42.7345
23800 42.6393
23900 43.0229
24000 43.4223
24100 43.3681
24200 43.1095
24300 42.9944
24400 43.0151
24500 43.4495
24600 43.8064
24700 43.9887
24800 44.2082
24900 44.4774
25000 44.8275
25100 45.067
25200 45.0159
25300 45.1113
25400 45.0557
25500 45.0417
25600 44.899
25700 44.732
25800 44.6204
25900 44.9935
26000 45.4359
26100 45.9143
26200 46.0966
26300 46.5121
26400 46.5961
26500 46.79
26600 46.9292
26700 47.3284
26800 47.5581
26900 47.5615
27000 47.7562
27100 48.2745
27200 48.7431
27300 48.7739
27400 48.8446
27500 48.858
27600 49.0787
27700 49.3838
27800 49.9322
27900 50.1669
28000 50.0656
28100 50.2534
28200 50.4544
28300 50.3399
28400 50.1356
28500 50.1459
28600 50.1735
28700 50.4977
28800 50.7801
28900 51.0334
29000 51.29
29100 51.2266
29200 51.4315
29300 51.4805
29400 51.5299
29500 51.4333
29600 51.6724
29700 51.882
29800 51.8413
29900 51.5895
30000 51.3557
30100 51.2394
30200 51.2216
30300 51.4112
30400 51.3542
30500 51.1993
30600 51.1111
30700 51.2235
30800 51.4307
30900 51.4182
31000 51.4021
31100 51.4574
31200 51.4978
31300 51.7784
31400 51.9798
31500 52.2997
31600 52.4281
31700 52.3001
31800 52.2895
31900 52.2305
32000 51.8972
32100 51.8555
32200 51.9897
32300 52.1485
32400 52.4957
32500 52.5111
32600 52.4067
32700 52.5883
32800 52.8204
32900 53.2735
33000 53.5546
33100 53.7374
33200 53.8189
33300 54.0412
33400 54.327
33500 54.376
33600 54.5804
33700 54.8028
33800 55.0174
33900 55.1666
34000 55.4624
34100 55.3615
34200 55.5974
34300 55.6905
34400 55.644
34500 55.6428
34600 55.638
34700 55.8019
34800 56.1142
34900 56.7404
35000 57.2603
35100 57.7362
35200 58.0333
35300 58.3807
35400 58.7644
35500 59.0627
35600 59.0222
35700 59.142
35800 58.9159
35900 58.6853
36000 58.5795
36100 58.4744
36200 58.475
36300 58.5364
36400 58.6871
36500 58.6646
36600 58.7524
36700 58.7696
36800 59.0212
36900 58.8651
37000 59.2318
37100 59.7347
37200 59.8138
37300 59.7709
37400 59.7983
37500 59.7295
37600 60.0883
37700 60.2577
37800 60.6673
37900 60.7451
38000 60.6387
38100 60.6015
38200 60.7605
38300 61.1894
38400 61.6856
38500 62.2933
38600 62.5819
38700 62.4776
38800 62.5592
38900 62.8189
39000 63.1323
39100 63.3499
39200 63.5795
39300 63.7971
39400 64.0405
39500 64.587
39600 65.4058
39700 66.0042
39800 66.3228
39900 66.592
40000 67.1178
40100 67.3998
40200 67.3826
40300 67.3021
40400 67.4269
40500 67.3539
40600 67.5084
40700 67.5037
40800 67.6383
40900 67.4844
41000 67.2992
41100 67.3817
41200 67.4059
41300 67.2596
41400 67.4184
41500 67.9844
41600 68.2589
41700 68.2216
41800 68.3053
41900 68.4387
42000 68.6688
42100 68.7495
42200 68.678
42300 68.5242
42400 68.4972
42500 68.6724
42600 68.7883
42700 69.1534
42800 69.2682
42900 69.8615
43000 70.3226
43100 70.5141
43200 70.8334
43300 71.0454
43400 71.4861
43500 72.1805
43600 72.6018
43700 73.1345
43800 73.31
43900 73.7399
44000 74.2368
44100 74.6433
44200 75.0763
44300 75.2498
44400 75.4477
44500 75.5319
44600 75.6091
44700 75.6383
44800 75.9529
44900 75.9244
45000 75.8539
45100 76.3784
45200 76.7751
45300 76.7732
45400 77.1253
45500 77.1388
45600 77.2593
45700 77.7503
45800 77.8229
45900 77.9827
46000 77.9937
46100 77.7552
46200 77.4791
46300 77.0352
46400 77.0685
46500 77.3434
46600 77.3384
46700 77.4335
46800 77.4861
46900 78.0205
47000 78.7131
47100 79.2315
47200 79.7767
47300 79.9445
47400 80.0438
47500 80.1212
47600 80.6451
47700 80.9609
47800 80.8254
47900 80.8226
48000 81.0797
48100 81.2649
48200 81.148
48300 81.0464
48400 81.0231
48500 81.342
48600 81.6317
48700 81.7549
48800 81.76
48900 82.0687
49000 82.1795
49100 82.2651
49200 81.9887
49300 81.7351
49400 81.8718
49500 81.9288
49600 81.9049
49700 81.9467
49800 81.806
49900 81.3953
50000 81.0738
50100 81.2572
50200 81.7072
50300 81.882
50400 81.545
50500 81.2726
50600 81.4386
50700 81.6681
50800 81.8226
50900 82.0698
51000 82.5263
51100 82.9087
51200 83.2312
51300 83.3731
51400 83.2424
51500 83.2072
51600 83.0249
51700 82.9488
51800 83.2486
51900 83.5468
52000 84.0164
52100 84.3007
52200 84.817
52300 85.4974
52400 85.5847
52500 85.546
52600 85.7304
52700 85.4574
52800 85.7907
52900 85.8682
53000 85.8071
53100 85.7297
53200 85.7896
53300 85.7453
53400 85.9383
53500 86.097
53600 86.066
53700 86.3116
53800 86.5708
53900 87.0808
54000 87.6688
54100 87.9491
54200 88.2909
54300 88.1981
54400 88.0764
54500 87.8643
54600 87.8686
54700 87.7978
54800 87.842
54900 87.8374
55000 87.7789
55100 88.0606
55200 88.4843
55300 89.0687
55400 89.3711
55500 89.7893
55600 89.8764
55700 90.3083
55800 90.6659
55900 91.3815
56000 91.5188
56100 91.855
56200 91.9618
56300 92.0036
56400 91.9793
56500 91.6393
56600 91.5312
56700 91.9577
56800 92.5489
56900 92.764
57000 93.1096
57100 93.738
57200 94.4461
57300 94.9038
57400 95.0426
57500 95.569
57600 95.5753
57700 95.4649
57800 95.1351
57900 94.8785
58000 94.6776
58100 94.8525
58200 95.1819
58300 95.3591
58400 95.4279
58500 95.4459
58600 95.6633
58700 95.3865
58800 95.386
58900 95.4898
59000 95.3863
59100 95.6895
59200 95.6135
59300 95.5463
59400 95.4337
59500 95.4713
59600 95.5472
59700 95.7395
59800 95.6807
59900 95.5584
60000 95.4094
60100 95.6183
60200 95.7404
60300 95.4735
60400 95.7478
60500 95.8458
60600 95.8268
60700 95.6222
60800 95.5791
60900 95.5344
61000 96.0798
61100 96.6155
61200 96.8845
61300 96.7186
61400 96.4199
61500 96.643
61600 96.7992
61700 96.7477
61800 96.8052
61900 96.871
62000 96.9154
62100 96.7232
62200 96.6556
62300 96.6251
62400 96.495
62500 96.6237
62600 96.5042
62700 96.4399
62800 96.193
62900 96.0363
63000 96.607
63100 96.9723
63200 96.8761
63300 97.0195
63400 97.1586
63500 97.0321
63600 96.9888
63700 96.975
63800 96.7229
63900 96.8578
64000 96.9714
64100 97.1702
64200 97.7428
64300 98.2925
64400 99.0113
64500 99.1352
64600 99.2968
64700 99.6171
64800 99.717
64900 99.5999
65000 99.6363
65100 99.6447
65200 100.099
65300 100.469
65400 100.697
65500 100.659
65600 101.082
65700 101.361
65800 101.351
65900 101.769
66000 102.018
66100 102.27
66200 102.362
66300 102.52
66400 102.599
66500 102.648
66600 103.256
66700 103.589
66800 103.654
66900 104.085
67000 104.713
67100 104.759
67200 104.48
67300 104.38
67400 104.353
67500 104.465
67600 104.692
67700 105.345
67800 105.687
67900 105.863
68000 106.073
68100 106.262
68200 105.971
68300 106.007
68400 105.933
68500 105.87
68600 106.009
68700 105.918
68800 106.518
68900 106.94
69000 107.543
69100 107.608
69200 107.21
69300 106.925
69400 107.155
69500 107.136
69600 107.412
69700 107.182
69800 106.699
69900 106.365
70000 105.96
70100 105.93
70200 105.963
70300 105.79
70400 105.745
70500 105.861
70600 105.82
70700 105.377
70800 105.111
70900 105.051
71000 104.902
71100 104.967
71200 105.059
71300 105.097
71400 104.788
71500 104.774
71600 104.432
71700 104.111
71800 104.188
71900 104.312
72000 103.968
72100 103.695
72200 103.927
72300 104.071
72400 104.045
72500 104.225
72600 104.814
72700 105.517
72800 106.204
72900 106.521
73000 106.967
73100 107.042
73200 107.036
73300 106.661
73400 106.866
73500 106.896
73600 106.957
73700 107.23
73800 106.95
73900 106.676
74000 106.458
74100 106.534
74200 107.063
74300 107.864
74400 108.33
74500 108.791
74600 108.733
74700 108.666
74800 109.067
74900 109.284
75000 109.189
75100 108.802
75200 108.679
75300 108.926
75400 109.49
75500 109.614
75600 110.009
75700 110.307
75800 110.695
75900 111.336
76000 111.357
76100 111.474
76200 111.312
76300 111.313
76400 111.097
76500 110.795
76600 110.721
76700 110.751
76800 110.86
76900 110.975
77000 110.51
77100 110.922
77200 111.009
77300 111.024
77400 110.871
77500 110.689
77600 110.646
77700 110.965
77800 111.306
77900 111.883
78000 112.213
78100 112.26
78200 112.358
78300 112.293
78400 112.259
78500 112.167
78600 112.263
78700 112.213
78800 112.46
78900 112.985
79000 113.499
79100 114.163
79200 114.443
79300 114.646
79400 114.854
79500 115.273
79600 115.483
79700 115.193
79800 114.496
79900 113.746
80000 113.707
80100 113.657
80200 113.661
80300 113.591
80400 113.437
80500 112.864
80600 112.965
80700 113.527
80800 114.085
80900 114.457
81000 115.169
81100 115.271
81200 115.494
81300 115.551
81400 115.062
81500 114.818
81600 115.213
81700 115.505
81800 116.117
81900 117.015
82000 117.759
82100 117.966
82200 118.144
82300 118.322
82400 118.514
82500 118.975
82600 119.389
82700 119.518
82800 119.685
82900 119.788
83000 119.645
83100 119.507
83200 119.097
83300 118.851
83400 118.843
83500 118.872
83600 118.964
83700 118.548
83800 117.876
83900 117.372
84000 117.352
84100 117.553
84200 117.638
84300 118.279
84400 118.925
84500 119.222
84600 119.284
84700 119.17
84800 119.087
84900 118.951
85000 118.957
85100 119.104
85200 119.353
85300 119.506
85400 119.729
85500 119.794
85600 120.449
85700 120.51
85800 120.614
85900 121.069
86000 121.395
86100 121.867
86200 121.894
86300 121.707
86400 121.184
86500 120.566
86600 120.688
86700 121
86800 120.782
86900 120.806
87000 121.146
87100 121.847
87200 122.542
87300 122.759
87400 122.997
87500 122.692
87600 122.456
87700 122.151
87800 122.5
87900 122.521
88000 122.098
88100 121.858
88200 121.859
88300 122.177
88400 122.192
88500 122.446
88600 122.335
88700 122.374
88800 122.516
88900 122.856
89000 123.4
89100 124.095
89200 124.524
89300 124.982
89400 125.202
89500 125.675
89600 126.157
89700 126.437
89800 126.719
89900 127.363
90000 127.86
90100 128.205
90200 128.449
90300 128.305
90400 127.866
90500 127.15
90600 126.981
90700 127.485
90800 128.069
90900 127.774
91000 127.505
91100 127.243
91200 127.065
91300 126.842
91400 126.773
91500 126.687
91600 126.554
91700 126.531
91800 126.684
91900 126.72
92000 126.676
92100 126.329
92200 126.411
92300 126.926
92400 127.639
92500 127.838
92600 128.116
92700 128.3
92800 128.531
92900 128.997
93000 129.053
93100 129.088
93200 128.692
93300 127.792
93400 127.39
93500 127.172
93600 126.954
93700 127.104
93800 127.524
93900 127.794
94000 128.562
94100 129.244
94200 129.191
94300 129.17
94400 129.126
94500 129.285
94600 129.284
94700 128.908
94800 128.446
94900 128.747
95000 128.425
95100 128.416
95200 128.435
95300 128.536
95400 128.089
95500 127.466
95600 127.013
95700 127.154
95800 127.517
95900 127.961
96000 128.56
96100 129.297
96200 129.519
96300 129.533
96400 129.692
96500 129.977
96600 130.302
96700 130.631
96800 130.792
96900 130.543
97000 130.946
97100 131.155
97200 131.266
97300 131.057
97400 130.934
97500 131.232
97600 131.524
97700 131.344
97800 131.024
97900 130.959
98000 130.177
98100 129.707
98200 129.631
98300 129.596
98400 129.653
98500 129.478
98600 128.844
98700 128.638
98800 128.649
98900 128.867
99000 129.14
99100 129.161
99200 129.267
99300 129.513
99400 129.728
99500 129.581
99600 129.202
99700 128.924
99800 128.944
99900 128.806
100000 128.838
