# Time-averaged data for fix msd_avg_all
# TimeStep c_msd_all[4]
0 1.50875e-28
100 0.280796
200 0.623227
300 0.936413
400 1.20999
500 1.45716
600 1.68252
700 1.92547
800 2.09758
900 2.24503
1000 2.43345
1100 2.60895
1200 2.75008
1300 2.88761
1400 3.06783
1500 3.24434
1600 3.3762
1700 3.49021
1800 3.6217
1900 3.75074
2000 3.90188
2100 4.02253
2200 4.25894
2300 4.47712
2400 4.75182
2500 5.05687
2600 5.26124
2700 5.39277
2800 5.53787
2900 5.63666
3000 5.83706
3100 5.96775
3200 6.11241
3300 6.22686
3400 6.33965
3500 6.48273
3600 6.61318
3700 6.71391
3800 6.86082
3900 7.03168
4000 7.17076
4100 7.26682
4200 7.43018
4300 7.59786
4400 7.79118
4500 7.88448
4600 7.97805
4700 8.12763
4800 8.25588
4900 8.42933
5000 8.60371
5100 8.68045
5200 8.82574
5300 8.98005
5400 9.16689
5500 9.38184
5600 9.61996
5700 9.87097
5800 10.1402
5900 10.334
6000 10.5608
6100 10.7394
6200 11.0533
6300 11.293
6400 11.4127
6500 11.4326
6600 11.4556
6700 11.5465
6800 11.6962
6900 11.8036
7000 11.9725
7100 12.0991
7200 12.2448
7300 12.4702
7400 12.6756
7500 12.9215
7600 13.124
7700 13.3643
7800 13.6456
7900 13.7893
8000 13.9604
8100 14.1977
8200 14.437
8300 14.7052
8400 14.9246
8500 15.2382
8600 15.444
8700 15.6257
8800 15.7627
8900 15.9192
9000 16.0698
9100 16.2612
9200 16.4054
9300 16.6471
9400 16.892
9500 17.0222
9600 17.1427
9700 17.2884
9800 17.3912
9900 17.6531
10000 17.7782
10100 17.9674
10200 18.3001
10300 18.5247
10400 18.7803
10500 19.0981
10600 19.3646
10700 19.5337
10800 19.6572
10900 19.8772
11000 20.1412
11100 20.4407
11200 20.759
11300 21.1096
11400 21.3242
11500 21.5541
11600 21.8527
11700 22.1567
11800 22.4237
11900 22.7289
12000 22.9788
12100 23.2867
12200 23.5875
12300 23.8002
12400 24.054
12500 24.3998
12600 24.7276
12700 25.0803
12800 25.3396
12900 25.6418
13000 25.8042
13100 26.031
13200 26.3796
13300 26.7583
13400 27.1298
13500 27.4829
13600 27.7108
13700 27.8963
13800 28.0391
13900 28.2403
14000 28.444
14100 28.633
14200 29.0069
14300 29.3733
14400 29.7252
14500 30.0223
14600 30.2275
14700 30.3579
14800 30.6046
14900 30.9501
15000 31.2734
15100 31.4937
15200 31.7761
15300 32.145
15400 32.6383
15500 32.8772
15600 33.104
15700 33.3024
15800 33.487
15900 33.7114
16000 33.873
16100 34.0874
16200 34.394
16300 34.7705
16400 34.9208
16500 35.2114
16600 35.5629
16700 35.8818
16800 36.2241
16900 36.4607
17000 36.7286
17100 36.9091
17200 37.2383
17300 37.544
17400 37.9072
17500 38.3393
17600 38.7408
17700 39.1912
17800 39.5955
17900 39.87
18000 39.9936
18100 40.1404
18200 40.3987
18300 40.591
18400 40.8009
18500 40.9508
18600 41.2034
18700 41.2387
18800 41.3099
18900 41.5364
19000 41.7687
19100 41.873
19200 42.1102
19300 42.3265
19400 42.5358
19500 42.6793
19600 42.734
19700 42.8065
19800 42.9315
19900 43.0722
20000 43.1326
20100 43.2802
20200 43.3909
20300 43.4792
20400 43.6676
20500 43.784
20600 43.8275
20700 43.9541
20800 43.9876
20900 44.0688
21000 44.1669
21100 44.3256
21200 44.3954
21300 44.5388
21400 44.617
21500 44.6769
21600 44.656
21700 44.7331
21800 44.7895
21900 44.8109
22000 44.8308
22100 44.9107
22200 44.849
22300 44.673
22400 44.6219
22500 44.5087
22600 44.5769
22700 44.6738
22800 44.7781
22900 44.8439
23000 44.8816
23100 44.8826
23200 44.912
23300 45.0244
23400 45.2292
23500 45.3738
23600 45.5738
23700 45.8655
23800 46.139
23900 46.2571
24000 46.3666
24100 46.4423
24200 46.6898
24300 46.8683
24400 46.9751
24500 47.1135
24600 47.3543
24700 47.5644
24800 47.6943
24900 47.686
25000 47.8286
25100 47.8992
25200 47.8968
25300 48.0719
25400 48.2631
25500 48.2669
25600 48.1892
25700 48.2311
25800 48.2421
25900 48.3073
26000 48.2766
26100 48.2694
26200 48.3654
26300 48.544
26400 48.7636
26500 48.9153
26600 48.828
26700 48.8788
26800 49.086
26900 49.169
27000 49.2509
27100 49.35
27200 49.3623
27300 49.4149
27400 49.6068
27500 49.8263
27600 49.9963
27700 49.9902
27800 50.0108
27900 50.2039
28000 50.437
28100 50.5511
28200 50.7013
28300 50.9746
28400 51.1192
28500 51.2493
28600 51.2564
28700 51.3668
28800 51.5618
28900 51.7013
29000 51.902
29100 52.1498
29200 52.4464
29300 52.6571
29400 52.8424
29500 53.1211
29600 53.3691
29700 53.4378
29800 53.5225
29900 53.7978
30000 53.9522
30100 54.149
30200 54.1639
30300 54.189
30400 54.3464
30500 54.423
30600 54.4207
30700 54.2497
30800 54.2148
30900 54.3395
31000 54.3523
31100 54.4511
31200 54.4517
31300 54.4741
31400 54.4414
31500 54.5063
31600 54.6354
31700 54.6091
31800 54.5683
31900 54.6758
32000 54.7363
32100 54.6824
32200 54.6113
32300 54.6952
32400 54.8979
32500 55.1119
32600 55.1027
32700 55.0195
32800 54.951
32900 55.0864
33000 55.3492
33100 55.5348
33200 55.4632
33300 55.5486
33400 55.5919
33500 55.5526
33600 55.5708
33700 55.6106
33800 55.602
33900 55.5123
34000 55.4024
34100 55.2964
34200 55.32
34300 55.3759
34400 55.4863
34500 55.4769
34600 55.5279
34700 55.6031
34800 55.6401
34900 55.6006
35000 55.6667
35100 55.717
35200 55.6019
35300 55.541
35400 55.44
35500 55.276
35600 55.1648
35700 55.0922
35800 55.0464
35900 55.1041
36000 55.0721
36100 54.7973
36200 54.5215
36300 54.3549
36400 54.3179
36500 54.3102
36600 54.257
36700 54.2392
36800 54.0711
36900 53.9492
37000 53.8861
37100 53.782
37200 53.689
37300 53.8729
37400 54.0734
37500 54.1503
37600 54.2481
37700 54.1678
37800 54.0568
37900 53.9572
38000 53.8705
38100 53.7612
38200 53.6482
38300 53.5865
38400 53.8439
38500 54.0338
38600 54.0298
38700 54.0549
38800 54.0713
38900 53.9958
39000 53.9837
39100 53.9691
39200 53.731
39300 53.6445
39400 53.7477
39500 53.722
39600 53.4778
39700 53.3579
39800 53.4965
39900 53.6664
40000 53.7212
40100 53.653
40200 53.5598
40300 53.5201
40400 53.5348
40500 53.6258
40600 53.7529
40700 53.8436
40800 53.7578
40900 53.6946
41000 53.7649
41100 53.8035
41200 53.9104
41300 54.1158
41400 54.0972
41500 54.1246
41600 54.2428
41700 54.2218
41800 54.1027
41900 54.0152
42000 53.9897
42100 54.0502
42200 53.9421
42300 53.7505
42400 53.6225
42500 53.5563
42600 53.6072
42700 53.7047
42800 53.7162
42900 53.7274
43000 53.6536
43100 53.4052
43200 53.2653
43300 53.0515
43400 53.0848
43500 53.0948
43600 53.0802
43700 52.874
43800 52.8043
43900 52.8622
44000 52.9063
44100 52.955
44200 52.8763
44300 52.9456
44400 53.0981
44500 53.1453
44600 53.3422
44700 53.3812
44800 53.4352
44900 53.502
45000 53.3802
45100 53.2641
45200 53.235
45300 53.2898
45400 53.2772
45500 53.1985
45600 53.1954
45700 53.3923
45800 53.5109
45900 53.7128
46000 53.6464
46100 53.6049
46200 53.4484
46300 53.3293
46400 53.2
46500 53.0363
46600 52.8606
46700 52.6939
46800 52.6478
46900 52.6558
47000 52.7103
47100 52.7395
47200 52.7506
47300 52.7652
47400 52.8848
47500 52.9968
47600 52.7558
47700 52.5486
47800 52.4506
47900 52.4706
48000 52.6186
48100 52.5555
48200 52.4106
48300 52.345
48400 52.3672
48500 52.5082
48600 52.6071
48700 52.7257
48800 52.7289
48900 52.9936
49000 53.2011
49100 53.3886
49200 53.5188
49300 53.4027
49400 53.4173
49500 53.6058
49600 53.6744
49700 53.6698
49800 53.6126
49900 53.6415
50000 53.638
50100 53.616
50200 53.6774
50300 53.6764
50400 53.638
50500 53.7218
50600 53.741
50700 53.7729
50800 53.8795
50900 53.7513
51000 53.6478
51100 53.5527
51200 53.5313
51300 53.397
51400 53.3475
51500 53.3117
51600 53.3785
51700 53.2807
51800 53.235
51900 53.3679
52000 53.4991
52100 53.4253
52200 53.1204
52300 53.1174
52400 53.2844
52500 53.2101
52600 53.1031
52700 53.0365
52800 53.0476
52900 53.0507
53000 53.0756
53100 52.9658
53200 52.8167
53300 52.8296
53400 52.9457
53500 53.0956
53600 53.1306
53700 53.1339
53800 53.024
53900 52.9532
54000 52.9409
54100 52.9986
54200 53.1716
54300 53.2082
54400 53.1791
54500 53.003
54600 52.8595
54700 52.7147
54800 52.7926
54900 52.9727
55000 53.0215
55100 52.9196
55200 52.8829
55300 52.9697
55400 52.9744
55500 53.0848
55600 53.1907
55700 53.4407
55800 53.5798
55900 53.8098
56000 53.8912
56100 53.8005
56200 53.7158
56300 53.6701
56400 53.7169
56500 53.8384
56600 54.1415
56700 54.2873
56800 54.3809
56900 54.425
57000 54.6423
57100 54.7357
57200 54.774
57300 54.7595
57400 54.9498
57500 54.9771
57600 55.0318
57700 55.166
57800 55.264
57900 55.2029
58000 55.2172
58100 55.3525
58200 55.3818
58300 55.3259
58400 55.3775
58500 55.5191
58600 55.7513
58700 55.898
58800 55.9498
58900 55.9592
59000 55.9717
59100 56.1262
59200 56.2302
59300 56.2545
59400 56.1204
59500 56.0578
59600 56.1338
59700 56.207
59800 56.2827
59900 56.2033
60000 56.1914
60100 56.1914
60200 56.1875
60300 56.2571
60400 56.2839
60500 56.2817
60600 56.4665
60700 56.5805
60800 56.5543
60900 56.4436
61000 56.5084
61100 56.6504
61200 56.708
61300 56.7765
61400 56.674
61500 56.666
61600 56.7023
61700 56.8063
61800 56.9269
61900 56.9089
62000 57.0325
62100 57.2761
62200 57.6555
62300 57.9834
62400 58.0712
62500 58.0089
62600 58.2947
62700 58.3408
62800 58.4073
62900 58.409
63000 58.3038
63100 58.3323
63200 58.5522
63300 58.5094
63400 58.4085
63500 58.4767
63600 58.3986
63700 58.3333
63800 58.3301
63900 58.3374
64000 58.3234
64100 58.4509
64200 58.518
64300 58.5391
64400 58.6971
64500 58.8124
64600 58.8927
64700 59.1167
64800 59.2775
64900 59.2806
65000 59.383
65100 59.61
65200 59.6194
65300 59.7928
65400 59.8926
65500 59.8848
65600 59.941
65700 60.1921
65800 60.3205
65900 60.4727
66000 60.603
66100 60.8268
66200 60.9642
66300 61.0285
66400 61.0022
66500 60.9148
66600 60.7545
66700 60.6878
66800 60.6677
66900 60.4576
67000 60.3477
67100 60.3811
67200 60.3632
67300 60.4707
67400 60.5034
67500 60.5632
67600 60.559
67700 60.5208
67800 60.6383
67900 60.7734
68000 60.8633
68100 60.8066
68200 60.9347
68300 61.0716
68400 61.1997
68500 61.1424
68600 61.1443
68700 61.1001
68800 61.0413
68900 61.1448
69000 61.1489
69100 60.9282
69200 60.9138
69300 61.1026
69400 61.2668
69500 61.2048
69600 61.0885
69700 61.0603
69800 61.2328
69900 61.2863
70000 61.1358
70100 60.9055
70200 60.8045
70300 60.8021
70400 60.7867
70500 60.6922
70600 60.6963
70700 60.7016
70800 60.7202
70900 60.7649
71000 60.8268
71100 60.8688
71200 60.9603
71300 61.0584
71400 61.1203
71500 61.1146
71600 61.271
71700 61.3161
71800 61.3833
71900 61.3129
72000 61.3402
72100 61.337
72200 61.1979
72300 61.1306
72400 61.0838
72500 61.0527
72600 61.0504
72700 61.0429
72800 60.8758
72900 60.7068
73000 60.8834
73100 60.9976
73200 60.9695
73300 60.8545
73400 60.7283
73500 60.5312
73600 60.4735
73700 60.5578
73800 60.5673
73900 60.5348
74000 60.3257
74100 60.2665
74200 60.4327
74300 60.5275
74400 60.5591
74500 60.3679
74600 60.1755
74700 60.1638
74800 60.2096
74900 60.1265
75000 60.0376
75100 60.0565
75200 60.0774
75300 60.0655
75400 59.9947
75500 59.9351
75600 59.7945
75700 59.6106
75800 59.5892
75900 59.6105
76000 59.3833
76100 59.2307
76200 59.3284
76300 59.4904
76400 59.4349
76500 59.3127
76600 59.275
76700 59.3557
76800 59.4022
76900 59.5147
77000 59.7102
77100 59.8543
77200 59.8907
77300 59.9507
77400 59.9633
77500 60.0313
77600 60.1689
77700 60.3376
77800 60.2535
77900 60.3229
78000 60.4233
78100 60.4829
78200 60.5413
78300 60.5283
78400 60.5382
78500 60.6904
78600 60.924
78700 61.0064
78800 61.1167
78900 61.0398
79000 60.9635
79100 60.8116
79200 60.4884
79300 60.2873
79400 60.3185
79500 60.3796
79600 60.2193
79700 60.2482
79800 60.4143
79900 60.4636
80000 60.4514
80100 60.4058
80200 60.2977
80300 60.1261
80400 60.041
80500 59.9571
80600 59.9281
80700 59.8594
80800 59.734
80900 59.6191
81000 59.7673
81100 59.8438
81200 59.853
81300 59.7741
81400 59.6421
81500 59.6593
81600 59.723
81700 59.7525
81800 59.7072
81900 59.5079
82000 59.6092
82100 59.7153
82200 59.8885
82300 60.0314
82400 60.2084
82500 60.1302
82600 60.1868
82700 60.2658
82800 60.3553
82900 60.3326
83000 60.2795
83100 60.4065
83200 60.5307
83300 60.2838
83400 60.1202
83500 60.2741
83600 60.4531
83700 60.5252
83800 60.4703
83900 60.4379
84000 60.4797
84100 60.5755
84200 60.5815
84300 60.5209
84400 60.305
84500 60.2851
84600 60.3718
84700 60.534
84800 60.7015
84900 60.6414
85000 60.6019
85100 60.4825
85200 60.4392
85300 60.606
85400 60.7749
85500 60.996
85600 61.1858
85700 61.1282
85800 60.984
85900 60.9927
86000 60.933
86100 60.925
86200 60.8533
86300 60.8433
86400 60.697
86500 60.7765
86600 61.0111
86700 61.0079
86800 60.8361
86900 60.906
87000 61.1611
87100 61.4858
87200 61.5041
87300 61.4264
87400 61.4184
87500 61.6
87600 61.6597
87700 61.7749
87800 61.9135
87900 61.9604
88000 62.0417
88100 62.0092
88200 61.9411
88300 61.927
88400 62.0204
88500 62.203
88600 62.2846
88700 62.5228
88800 62.6916
88900 62.8661
89000 63.0174
89100 63.2738
89200 63.3826
89300 63.4033
89400 63.5173
89500 63.62
89600 63.7788
89700 63.8648
89800 63.9078
89900 63.8814
90000 63.9563
90100 64.0773
90200 64.1498
90300 64.1641
90400 64.2277
90500 64.4362
90600 64.7588
90700 64.9101
90800 65.0314
90900 65.0061
91000 64.8261
91100 64.5934
91200 64.6551
91300 64.7987
91400 64.9398
91500 65.0291
91600 65.0773
91700 65.0204
91800 65.0287
91900 65.0041
92000 65.0041
92100 65.0095
92200 65.1218
92300 65.2032
92400 65.1376
92500 64.9469
92600 64.7806
92700 64.601
92800 64.5807
92900 64.5957
93000 64.6868
93100 64.73
93200 64.8852
93300 64.9059
93400 64.9147
93500 64.9906
93600 65.1952
93700 65.3304
93800 65.3964
93900 65.3738
94000 65.3535
94100 65.5432
94200 65.7672
94300 65.8192
94400 65.769
94500 65.8973
94600 66.021
94700 66.1909
94800 66.2625
94900 66.3106
95000 66.3329
95100 66.2485
95200 66.3585
95300 66.4815
95400 66.4694
95500 66.4074
95600 66.4961
95700 66.9176
95800 67.1727
95900 67.0902
96000 66.8889
96100 66.9027
96200 67.1563
96300 67.3024
96400 67.3212
96500 67.556
96600 67.6135
96700 67.7825
96800 67.8555
96900 67.9274
97000 68.0343
97100 68.1075
97200 68.2975
97300 68.4569
97400 68.5686
97500 68.4761
97600 68.3756
97700 68.5517
97800 68.9452
97900 69.1859
98000 69.233
98100 69.3131
98200 69.3795
98300 69.3609
98400 69.3566
98500 69.4355
98600 69.3685
98700 69.2382
98800 69.1129
98900 69.0279
99000 69.0418
99100 68.8766
99200 68.7229
99300 68.6859
99400 68.667
99500 68.4736
99600 68.1338
99700 67.9642
99800 68.0377
99900 68.2121
100000 68.172
